
Call:  glmnet(x = x, y = y, alpha = 0.02, family = "gaussian", standardize = TRUE) 

   Df     %Dev  Lambda
1   0 0.000000 20.9400
2   4 0.001359 19.0800
3  10 0.004429 17.3900
4  18 0.008498 15.8400
5  21 0.013080 14.4300
6  24 0.017820 13.1500
7  29 0.022460 11.9800
8  35 0.027100 10.9200
9  39 0.031530  9.9490
10 41 0.035620  9.0650
11 42 0.039360  8.2600
12 43 0.042800  7.5260
13 46 0.045880  6.8570
14 48 0.048750  6.2480
15 49 0.051300  5.6930
16 48 0.053590  5.1870
17 48 0.055640  4.7270
18 48 0.057480  4.3070
19 48 0.059120  3.9240
20 48 0.060570  3.5750
21 47 0.061900  3.2580
22 47 0.063070  2.9680
23 47 0.064120  2.7050
24 46 0.065090  2.4640
25 45 0.065990  2.2450
26 45 0.066790  2.0460
27 47 0.067550  1.8640
28 49 0.068310  1.6990
29 50 0.069110  1.5480
30 49 0.069910  1.4100
31 49 0.070660  1.2850
32 48 0.071340  1.1710
33 52 0.072020  1.0670
34 52 0.072710  0.9720
35 53 0.073360  0.8857
36 54 0.073980  0.8070
37 57 0.074570  0.7353
38 59 0.075130  0.6700
39 59 0.075670  0.6105
40 58 0.076160  0.5562
41 58 0.076610  0.5068
42 60 0.077040  0.4618
43 61 0.077460  0.4208
44 62 0.077840  0.3834
45 64 0.078170  0.3493
46 66 0.078480  0.3183
47 68 0.078790  0.2900
48 69 0.079060  0.2643
49 69 0.079280  0.2408
50 70 0.079490  0.2194
51 70 0.079680  0.1999
52 70 0.079850  0.1821
53 70 0.080000  0.1660
54 74 0.080120  0.1512
55 75 0.080260  0.1378
56 75 0.080370  0.1255
57 76 0.080450  0.1144
58 76 0.080530  0.1042
59 76 0.080600  0.0950
60 76 0.080660  0.0865
61 77 0.080710  0.0788
62 77 0.080760  0.0718
63 77 0.080800  0.0655
64 77 0.080830  0.0596
65 77 0.080850  0.0543
66 76 0.080880  0.0495
67 77 0.080900  0.0451
68 78 0.080920  0.0411
69 78 0.080930  0.0375
70 81 0.080950  0.0341
71 81 0.080960  0.0311
72 80 0.080970  0.0283
73 80 0.080980  0.0258
74 81 0.080990  0.0235
75 81 0.080990  0.0214
76 81 0.081000  0.0195
77 81 0.081000  0.0178
78 82 0.081010  0.0162
79 82 0.081010  0.0148
80 83 0.081010  0.0135
81 83 0.081010  0.0123
82 84 0.081020  0.0112
83 85 0.081020  0.0102
84 85 0.081020  0.0093
85 85 0.081020  0.0085
86 85 0.081020  0.0077
87 85 0.081020  0.0070
