$lambda
 [1] 0.5811753511 0.5295453348 0.4825019868 0.4396378401 0.4005816261
 [6] 0.3649950585 0.3325699035 0.3030253099 0.2761053766 0.2515769359
[11] 0.2292275343 0.2088635920 0.1903087261 0.1734022234 0.1579976478
[16] 0.1439615723 0.1311724230 0.1195194265 0.1089016500 0.0992271276
[21] 0.0904120631 0.0823801046 0.0750616831 0.0683934101 0.0623175281
[26] 0.0567814106 0.0517371066 0.0471409246 0.0429530548 0.0391372238
[31] 0.0356603807 0.0324924108 0.0296058746 0.0269757703 0.0245793172
[36] 0.0223957584 0.0204061810 0.0185933521 0.0169415699 0.0154365276
[41] 0.0140651890 0.0128156764 0.0116771670 0.0106397997 0.0096945892
[46] 0.0088333486 0.0080486183 0.0073336012 0.0066821043 0.0060884846
[51] 0.0055476004 0.0050547668 0.0046057153 0.0041965562 0.0038237457
[56] 0.0034840547 0.0031745409 0.0028925234 0.0026355596 0.0024014238
[61] 0.0021880879 0.0019937042 0.0018165890 0.0016552083 0.0015081641
[66] 0.0013741830 0.0012521043 0.0011408708 0.0010395190 0.0009471710
[71] 0.0008630270 0.0007863580 0.0007165001 0.0006528482 0.0005948510
[76] 0.0005420061 0.0004938558 0.0004499830

$cvm
 [1] 4.852291 4.804616 4.756708 4.707560 4.642966 4.584122 4.534481 4.482603
 [9] 4.418992 4.334189 4.224486 4.091403 3.964652 3.842540 3.723934 3.601219
[17] 3.488562 3.393060 3.311004 3.235011 3.164096 3.090324 3.002613 2.921786
[25] 2.852554 2.794363 2.741129 2.688612 2.635997 2.581875 2.528434 2.481486
[33] 2.443767 2.410639 2.379587 2.350120 2.323872 2.299599 2.277478 2.256324
[41] 2.236702 2.219332 2.204146 2.190437 2.178258 2.166997 2.156715 2.147665
[49] 2.139599 2.132406 2.126263 2.121033 2.116733 2.113453 2.111008 2.109056
[57] 2.107414 2.106102 2.105051 2.104264 2.103628 2.103011 2.102436 2.101959
[65] 2.101565 2.101328 2.101114 2.100979 2.100906 2.100908 2.100943 2.101017
[73] 2.101134 2.101232 2.101425 2.101521 2.101693 2.101815

$cvsd
 [1] 0.13386524 0.13465114 0.13096721 0.12780887 0.12440181 0.12034118
 [7] 0.11695500 0.11391969 0.11060122 0.10582262 0.10138094 0.09854767
[13] 0.09508262 0.09200525 0.08806985 0.08423494 0.08187558 0.07995139
[19] 0.07865331 0.07713625 0.07554492 0.07438863 0.07287172 0.07212535
[25] 0.07188527 0.07176680 0.07192700 0.07210894 0.07167576 0.07114422
[31] 0.07032961 0.06939811 0.06894259 0.06917250 0.06957476 0.07047303
[37] 0.07083377 0.07116745 0.07150053 0.07171727 0.07156849 0.07156949
[43] 0.07154466 0.07136433 0.07100466 0.07057372 0.07024583 0.07003666
[49] 0.06978785 0.06955948 0.06947296 0.06940696 0.06933328 0.06934906
[55] 0.06938775 0.06950433 0.06960286 0.06977346 0.06994161 0.07009106
[61] 0.07023915 0.07038142 0.07052865 0.07068543 0.07084195 0.07096967
[67] 0.07109322 0.07120611 0.07131804 0.07141094 0.07149705 0.07157985
[73] 0.07165718 0.07175578 0.07180846 0.07188321 0.07188826 0.07198854

$cvup
 [1] 4.986156 4.939267 4.887676 4.835369 4.767367 4.704463 4.651436 4.596522
 [9] 4.529593 4.440011 4.325867 4.189950 4.059735 3.934545 3.812004 3.685454
[17] 3.570438 3.473012 3.389657 3.312147 3.239641 3.164713 3.075485 2.993912
[25] 2.924439 2.866129 2.813056 2.760721 2.707672 2.653019 2.598764 2.550884
[33] 2.512710 2.479812 2.449162 2.420593 2.394706 2.370767 2.348979 2.328041
[41] 2.308270 2.290901 2.275690 2.261801 2.249263 2.237571 2.226961 2.217702
[49] 2.209387 2.201965 2.195736 2.190440 2.186067 2.182802 2.180396 2.178560
[57] 2.177017 2.175876 2.174992 2.174355 2.173867 2.173392 2.172964 2.172644
[65] 2.172407 2.172297 2.172207 2.172185 2.172225 2.172319 2.172440 2.172597
[73] 2.172791 2.172988 2.173233 2.173404 2.173581 2.173804

$cvlo
 [1] 4.718425 4.669965 4.625741 4.579751 4.518564 4.463781 4.417526 4.368683
 [9] 4.308391 4.228366 4.123105 3.992855 3.869570 3.750535 3.635864 3.516984
[17] 3.406687 3.313109 3.232351 3.157875 3.088551 3.015935 2.929742 2.849661
[25] 2.780669 2.722596 2.669202 2.616503 2.564321 2.510731 2.458105 2.412088
[33] 2.374825 2.341467 2.310013 2.279647 2.253038 2.228432 2.205978 2.184606
[41] 2.165133 2.147762 2.132601 2.119072 2.107253 2.096424 2.086469 2.077628
[49] 2.069811 2.062846 2.056790 2.051626 2.047400 2.044104 2.041620 2.039551
[57] 2.037811 2.036329 2.035109 2.034173 2.033389 2.032629 2.031907 2.031274
[65] 2.030723 2.030358 2.030020 2.029773 2.029588 2.029497 2.029446 2.029437
[73] 2.029477 2.029476 2.029616 2.029637 2.029805 2.029826

$nzero
 s0  s1  s2  s3  s4  s5  s6  s7  s8  s9 s10 s11 s12 s13 s14 s15 s16 s17 s18 s19 
  0   1   1   2   2   2   2   3   6  11  18  20  21  26  31  35  38  42  45  46 
s20 s21 s22 s23 s24 s25 s26 s27 s28 s29 s30 s31 s32 s33 s34 s35 s36 s37 s38 s39 
 48  53  57  59  60  61  66  71  75  78  81  82  84  86  91  93  95  98 101 102 
s40 s41 s42 s43 s44 s45 s46 s47 s48 s49 s50 s51 s52 s53 s54 s55 s56 s57 s58 s59 
102 104 106 108 111 115 115 115 115 116 115 115 116 116 117 117 117 118 118 117 
s60 s61 s62 s63 s64 s65 s66 s67 s68 s69 s70 s71 s72 s73 s74 s75 s76 s77 
117 118 118 119 119 119 119 117 117 117 117 118 118 118 118 118 118 118 

$name
                 mse 
"Mean-Squared Error" 

$glmnet.fit

Call:  glmnet(x = x, y = y, alpha = 1, family = "gaussian") 

       Df    %Dev    Lambda
 [1,]   0 0.00000 0.5812000
 [2,]   1 0.01182 0.5295000
 [3,]   1 0.02163 0.4825000
 [4,]   2 0.03121 0.4396000
 [5,]   2 0.04578 0.4006000
 [6,]   2 0.05787 0.3650000
 [7,]   2 0.06791 0.3326000
 [8,]   3 0.07855 0.3030000
 [9,]   6 0.09277 0.2761000
[10,]  11 0.11260 0.2516000
[11,]  18 0.13720 0.2292000
[12,]  20 0.16630 0.2089000
[13,]  21 0.19230 0.1903000
[14,]  26 0.21820 0.1734000
[15,]  31 0.24380 0.1580000
[16,]  35 0.27130 0.1440000
[17,]  38 0.29480 0.1312000
[18,]  42 0.31470 0.1195000
[19,]  45 0.33200 0.1089000
[20,]  46 0.34830 0.0992300
[21,]  48 0.36330 0.0904100
[22,]  53 0.37990 0.0823800
[23,]  57 0.39910 0.0750600
[24,]  59 0.41620 0.0683900
[25,]  60 0.43040 0.0623200
[26,]  61 0.44220 0.0567800
[27,]  66 0.45380 0.0517400
[28,]  71 0.46510 0.0471400
[29,]  75 0.47680 0.0429500
[30,]  78 0.48940 0.0391400
[31,]  81 0.50100 0.0356600
[32,]  82 0.51090 0.0324900
[33,]  84 0.51870 0.0296100
[34,]  86 0.52570 0.0269800
[35,]  91 0.53250 0.0245800
[36,]  93 0.53910 0.0224000
[37,]  95 0.54490 0.0204100
[38,]  98 0.55030 0.0185900
[39,] 101 0.55530 0.0169400
[40,] 102 0.56010 0.0154400
[41,] 102 0.56430 0.0140700
[42,] 104 0.56780 0.0128200
[43,] 106 0.57140 0.0116800
[44,] 108 0.57440 0.0106400
[45,] 111 0.57750 0.0096950
[46,] 115 0.58050 0.0088330
[47,] 115 0.58280 0.0080490
[48,] 115 0.58490 0.0073340
[49,] 115 0.58670 0.0066820
[50,] 116 0.58810 0.0060880
[51,] 115 0.58940 0.0055480
[52,] 115 0.59040 0.0050550
[53,] 116 0.59120 0.0046060
[54,] 116 0.59200 0.0041970
[55,] 117 0.59260 0.0038240
[56,] 117 0.59320 0.0034840
[57,] 117 0.59370 0.0031750
[58,] 118 0.59420 0.0028930
[59,] 118 0.59470 0.0026360
[60,] 117 0.59500 0.0024010
[61,] 117 0.59540 0.0021880
[62,] 118 0.59560 0.0019940
[63,] 118 0.59590 0.0018170
[64,] 119 0.59600 0.0016550
[65,] 119 0.59620 0.0015080
[66,] 119 0.59640 0.0013740
[67,] 119 0.59650 0.0012520
[68,] 117 0.59660 0.0011410
[69,] 117 0.59670 0.0010400
[70,] 117 0.59670 0.0009472
[71,] 117 0.59680 0.0008630
[72,] 118 0.59680 0.0007864
[73,] 118 0.59690 0.0007165
[74,] 118 0.59690 0.0006528
[75,] 118 0.59700 0.0005949
[76,] 118 0.59700 0.0005420
[77,] 118 0.59700 0.0004939
[78,] 118 0.59700 0.0004500
[79,] 118 0.59700 0.0004100

$lambda.min
[1] 0.001039519

$lambda.1se
[1] 0.008833349

attr(,"class")
[1] "cv.glmnet"
