
Call:  glmnet(x = x, y = y, alpha = 0.02, family = "gaussian", standardize = TRUE) 

   Df     %Dev  Lambda
1   0 0.000000 24.9000
2   1 0.000899 22.6900
3   1 0.001863 20.6700
4   7 0.003813 18.8300
5  12 0.008664 17.1600
6  23 0.015170 15.6400
7  32 0.022760 14.2500
8  34 0.030400 12.9800
9  37 0.038050 11.8300
10 39 0.046050 10.7800
11 43 0.054350  9.8210
12 49 0.062980  8.9480
13 51 0.071900  8.1530
14 52 0.080860  7.4290
15 54 0.089970  6.7690
16 59 0.099500  6.1680
17 59 0.109000  5.6200
18 60 0.118300  5.1200
19 61 0.127400  4.6660
20 61 0.136300  4.2510
21 61 0.144900  3.8730
22 61 0.153200  3.5290
23 62 0.161200  3.2160
24 62 0.169000  2.9300
25 62 0.176400  2.6700
26 62 0.183400  2.4330
27 61 0.190100  2.2170
28 61 0.196500  2.0200
29 60 0.202500  1.8400
30 60 0.208100  1.6770
31 60 0.213300  1.5280
32 60 0.218200  1.3920
33 60 0.222800  1.2680
34 59 0.226900  1.1560
35 58 0.230700  1.0530
36 58 0.234200  0.9595
37 58 0.237400  0.8742
38 58 0.240300  0.7966
39 57 0.242900  0.7258
40 56 0.245200  0.6613
41 55 0.247300  0.6026
42 54 0.249100  0.5490
43 51 0.250700  0.5003
44 51 0.252200  0.4558
45 51 0.253400  0.4153
46 50 0.254600  0.3784
47 51 0.255500  0.3448
48 50 0.256400  0.3142
49 50 0.257200  0.2863
50 49 0.257800  0.2608
51 49 0.258400  0.2377
52 50 0.258900  0.2166
53 50 0.259400  0.1973
54 50 0.259800  0.1798
55 50 0.260100  0.1638
56 50 0.260400  0.1493
57 49 0.260600  0.1360
58 49 0.260900  0.1239
59 48 0.261000  0.1129
60 48 0.261200  0.1029
61 48 0.261300  0.0937
62 48 0.261400  0.0854
63 49 0.261500  0.0778
64 51 0.261600  0.0709
65 49 0.261700  0.0646
66 52 0.261700  0.0589
67 54 0.261800  0.0536
68 54 0.261800  0.0489
69 54 0.261900  0.0445
70 53 0.261900  0.0406
71 53 0.261900  0.0370
72 53 0.262000  0.0337
73 52 0.262000  0.0307
74 53 0.262000  0.0280
75 53 0.262000  0.0255
76 53 0.262000  0.0232
77 54 0.262000  0.0212
78 54 0.262000  0.0193
79 54 0.262000  0.0176
80 54 0.262000  0.0160
81 54 0.262000  0.0146
82 55 0.262100  0.0133
83 55 0.262100  0.0121
84 55 0.262100  0.0110
85 54 0.262100  0.0100
