
Call:  glmnet(x = x, y = y, alpha = 0.02, family = "gaussian", standardize = TRUE) 

   Df     %Dev  Lambda
1   0 0.000000 22.9100
2   4 0.001534 20.8700
3  15 0.006983 19.0200
4  21 0.014300 17.3300
5  30 0.022160 15.7900
6  35 0.030010 14.3900
7  36 0.037310 13.1100
8  36 0.044160 11.9400
9  36 0.050410 10.8800
10 36 0.056160  9.9170
11 36 0.061450  9.0360
12 36 0.066340  8.2330
13 36 0.070870  7.5010
14 36 0.075050  6.8350
15 36 0.078940  6.2280
16 36 0.082560  5.6750
17 36 0.085930  5.1700
18 36 0.089070  4.7110
19 36 0.092010  4.2930
20 36 0.094750  3.9110
21 36 0.097320  3.5640
22 35 0.099730  3.2470
23 34 0.102000  2.9590
24 34 0.104100  2.6960
25 34 0.106000  2.4560
26 34 0.107900  2.2380
27 33 0.109600  2.0390
28 33 0.111200  1.8580
29 31 0.112600  1.6930
30 30 0.114000  1.5430
31 30 0.115200  1.4060
32 29 0.116400  1.2810
33 28 0.117400  1.1670
34 28 0.118300  1.0630
35 27 0.119200  0.9689
36 27 0.120000  0.8828
37 27 0.120600  0.8044
38 25 0.121300  0.7329
39 25 0.121800  0.6678
40 25 0.122300  0.6085
41 25 0.122700  0.5544
42 25 0.123100  0.5052
43 25 0.123400  0.4603
44 25 0.123700  0.4194
45 25 0.123900  0.3821
46 25 0.124100  0.3482
47 25 0.124300  0.3173
48 25 0.124500  0.2891
49 25 0.124600  0.2634
50 25 0.124800  0.2400
51 26 0.124900  0.2187
52 27 0.125000  0.1992
53 27 0.125100  0.1815
54 27 0.125100  0.1654
55 27 0.125200  0.1507
56 28 0.125300  0.1373
57 28 0.125300  0.1251
58 29 0.125400  0.1140
59 28 0.125400  0.1039
60 28 0.125400  0.0947
61 29 0.125500  0.0862
62 29 0.125500  0.0786
63 29 0.125500  0.0716
64 29 0.125600  0.0652
65 29 0.125600  0.0594
66 30 0.125600  0.0542
67 30 0.125600  0.0494
68 30 0.125600  0.0450
69 30 0.125600  0.0410
70 30 0.125600  0.0373
71 30 0.125700  0.0340
72 30 0.125700  0.0310
73 30 0.125700  0.0282
74 31 0.125700  0.0257
75 31 0.125700  0.0234
76 31 0.125700  0.0214
77 33 0.125700  0.0195
78 33 0.125700  0.0177
79 33 0.125700  0.0162
80 33 0.125700  0.0147
81 33 0.125700  0.0134
82 33 0.125700  0.0122
83 33 0.125700  0.0111
84 33 0.125700  0.0102
85 33 0.125700  0.0092
86 32 0.125700  0.0084
87 32 0.125700  0.0077
88 32 0.125700  0.0070
89 32 0.125700  0.0064
90 32 0.125700  0.0058
91 32 0.125700  0.0053
92 32 0.125700  0.0048
