$lambda
 [1] 0.4406744485 0.4015261450 0.3658556690 0.3333540597 0.3037398039
 [6] 0.2767563968 0.2521701213 0.2297680228 0.2093560649 0.1907574492
[11] 0.1738110831 0.1583701856 0.1443010148 0.1314817103 0.1198012376
[16] 0.1091584258 0.0994610921 0.0906252429 0.0825743461 0.0752386687
[21] 0.0685546728 0.0624644646 0.0569152937 0.0518590959 0.0472520768
[26] 0.0430543325 0.0392295043 0.0357444632 0.0325690236 0.0296756813
[31] 0.0270393756 0.0246372720 0.0224485647 0.0204542961 0.0186371928
[36] 0.0169815159 0.0154729249 0.0140983529 0.0128458940 0.0117047002
[41] 0.0106648869 0.0097174478 0.0088541765 0.0080675958 0.0073508929
[46] 0.0066978598 0.0061028404 0.0055606809 0.0050666853 0.0046165750
[51] 0.0042064512 0.0038327616 0.0034922697 0.0031820260 0.0028993436
[56] 0.0026417739 0.0024070860 0.0021932471 0.0019984051 0.0018208723
[61] 0.0016591110 0.0015117202 0.0013774231 0.0012550566 0.0011435609
[66] 0.0010419701 0.0009494043 0.0008650619 0.0007882121 0.0007181896
[71] 0.0006543876 0.0005962536 0.0005432841

$cvm
 [1] 4.612014 4.563281 4.504179 4.440792 4.382462 4.327062 4.274132 4.224666
 [9] 4.170855 4.110727 4.047333 3.977155 3.908952 3.842633 3.774179 3.705459
[17] 3.634212 3.564661 3.495719 3.430757 3.371049 3.314587 3.263168 3.215953
[25] 3.174242 3.137371 3.105006 3.075943 3.049464 3.025663 3.004705 2.986321
[33] 2.969587 2.954284 2.940849 2.929472 2.920052 2.912086 2.905379 2.899881
[41] 2.895440 2.891919 2.889165 2.887001 2.885242 2.883766 2.882400 2.881268
[49] 2.880351 2.879529 2.878837 2.878296 2.877896 2.877634 2.877519 2.877470
[57] 2.877471 2.877471 2.877493 2.877595 2.877680 2.877799 2.877920 2.878022
[65] 2.878147 2.878280 2.878406 2.878540 2.878666 2.878793 2.878913 2.879012
[73] 2.879107

$cvsd
 [1] 0.1813401 0.1808457 0.1779577 0.1748334 0.1718709 0.1690191 0.1663571
 [8] 0.1641584 0.1618010 0.1595615 0.1575324 0.1555343 0.1534303 0.1508910
[15] 0.1471988 0.1434141 0.1416561 0.1404673 0.1383338 0.1356883 0.1332760
[22] 0.1310598 0.1288970 0.1267377 0.1244893 0.1222321 0.1202028 0.1185672
[29] 0.1173777 0.1162328 0.1151907 0.1143935 0.1136883 0.1129820 0.1122638
[36] 0.1115783 0.1109405 0.1103387 0.1098295 0.1094274 0.1090820 0.1087834
[43] 0.1085173 0.1082691 0.1080607 0.1078665 0.1076892 0.1075268 0.1073801
[50] 0.1071873 0.1069831 0.1067977 0.1066297 0.1064832 0.1063467 0.1062135
[57] 0.1060981 0.1059836 0.1058747 0.1057861 0.1057017 0.1056294 0.1055782
[64] 0.1055255 0.1054843 0.1054561 0.1054263 0.1053972 0.1053691 0.1053500
[71] 0.1053300 0.1053092 0.1052929

$cvup
 [1] 4.793354 4.744127 4.682136 4.615625 4.554333 4.496081 4.440489 4.388825
 [9] 4.332656 4.270288 4.204865 4.132689 4.062382 3.993524 3.921377 3.848873
[17] 3.775868 3.705128 3.634053 3.566446 3.504325 3.445647 3.392065 3.342690
[25] 3.298732 3.259603 3.225208 3.194510 3.166842 3.141896 3.119896 3.100715
[33] 3.083275 3.067266 3.053113 3.041050 3.030992 3.022425 3.015208 3.009308
[41] 3.004522 3.000702 2.997682 2.995270 2.993303 2.991633 2.990089 2.988794
[49] 2.987731 2.986716 2.985820 2.985094 2.984526 2.984117 2.983866 2.983683
[57] 2.983569 2.983454 2.983367 2.983382 2.983382 2.983428 2.983498 2.983547
[65] 2.983631 2.983736 2.983833 2.983937 2.984035 2.984143 2.984243 2.984321
[73] 2.984400

$cvlo
 [1] 4.430674 4.382436 4.326221 4.265958 4.210591 4.158043 4.107775 4.060508
 [9] 4.009054 3.951165 3.889800 3.821620 3.755522 3.691742 3.626980 3.562045
[17] 3.492556 3.424194 3.357385 3.295069 3.237773 3.183527 3.134271 3.089215
[25] 3.049753 3.015139 2.984803 2.957376 2.932086 2.909430 2.889515 2.871928
[33] 2.855899 2.841302 2.828585 2.817894 2.809111 2.801748 2.795549 2.790454
[41] 2.786358 2.783136 2.780648 2.778732 2.777182 2.775900 2.774710 2.773741
[49] 2.772971 2.772342 2.771854 2.771499 2.771266 2.771151 2.771173 2.771256
[57] 2.771373 2.771487 2.771618 2.771809 2.771978 2.772169 2.772341 2.772496
[65] 2.772663 2.772824 2.772980 2.773143 2.773297 2.773443 2.773583 2.773702
[73] 2.773814

$nzero
 s0  s1  s2  s3  s4  s5  s6  s7  s8  s9 s10 s11 s12 s13 s14 s15 s16 s17 s18 s19 
  0   2   3   3   3   6   9  10  15  16  21  22  27  33  37  41  46  48  55  56 
s20 s21 s22 s23 s24 s25 s26 s27 s28 s29 s30 s31 s32 s33 s34 s35 s36 s37 s38 s39 
 59  61  65  66  71  71  73  74  76  78  80  84  83  81  81  81  81  81  81  81 
s40 s41 s42 s43 s44 s45 s46 s47 s48 s49 s50 s51 s52 s53 s54 s55 s56 s57 s58 s59 
 80  80  80  80  81  81  82  82  82  82  82  82  82  82  82  82  83  83  83  83 
s60 s61 s62 s63 s64 s65 s66 s67 s68 s69 s70 s71 s72 
 83  83  83  83  83  83  83  84  84  84  84  84  84 

$name
                 mse 
"Mean-Squared Error" 

$glmnet.fit

Call:  glmnet(x = x, y = y, alpha = 1, family = "gaussian") 

      Df    %Dev    Lambda
 [1,]  0 0.00000 0.4407000
 [2,]  2 0.01317 0.4015000
 [3,]  3 0.02547 0.3659000
 [4,]  3 0.04033 0.3334000
 [5,]  3 0.05266 0.3037000
 [6,]  6 0.06597 0.2768000
 [7,]  9 0.07852 0.2522000
 [8,] 10 0.08945 0.2298000
 [9,] 15 0.10210 0.2094000
[10,] 16 0.11640 0.1908000
[11,] 21 0.13120 0.1738000
[12,] 22 0.14820 0.1584000
[13,] 27 0.16410 0.1443000
[14,] 33 0.18010 0.1315000
[15,] 37 0.19720 0.1198000
[16,] 41 0.21380 0.1092000
[17,] 46 0.23070 0.0994600
[18,] 48 0.24730 0.0906300
[19,] 55 0.26420 0.0825700
[20,] 56 0.27940 0.0752400
[21,] 59 0.29310 0.0685500
[22,] 61 0.30600 0.0624600
[23,] 65 0.31770 0.0569200
[24,] 66 0.32800 0.0518600
[25,] 71 0.33760 0.0472500
[26,] 71 0.34610 0.0430500
[27,] 73 0.35340 0.0392300
[28,] 74 0.36010 0.0357400
[29,] 76 0.36620 0.0325700
[30,] 78 0.37160 0.0296800
[31,] 80 0.37650 0.0270400
[32,] 84 0.38100 0.0246400
[33,] 83 0.38500 0.0224500
[34,] 81 0.38840 0.0204500
[35,] 81 0.39110 0.0186400
[36,] 81 0.39340 0.0169800
[37,] 81 0.39530 0.0154700
[38,] 81 0.39690 0.0141000
[39,] 81 0.39820 0.0128500
[40,] 81 0.39930 0.0117000
[41,] 80 0.40020 0.0106600
[42,] 80 0.40090 0.0097170
[43,] 80 0.40150 0.0088540
[44,] 80 0.40220 0.0080680
[45,] 81 0.40270 0.0073510
[46,] 81 0.40310 0.0066980
[47,] 82 0.40350 0.0061030
[48,] 82 0.40380 0.0055610
[49,] 82 0.40410 0.0050670
[50,] 82 0.40430 0.0046170
[51,] 82 0.40450 0.0042060
[52,] 82 0.40470 0.0038330
[53,] 82 0.40480 0.0034920
[54,] 82 0.40490 0.0031820
[55,] 82 0.40500 0.0028990
[56,] 82 0.40510 0.0026420
[57,] 83 0.40510 0.0024070
[58,] 83 0.40520 0.0021930
[59,] 83 0.40520 0.0019980
[60,] 83 0.40530 0.0018210
[61,] 83 0.40530 0.0016590
[62,] 83 0.40530 0.0015120
[63,] 83 0.40540 0.0013770
[64,] 83 0.40540 0.0012550
[65,] 83 0.40540 0.0011440
[66,] 83 0.40540 0.0010420
[67,] 83 0.40540 0.0009494
[68,] 84 0.40540 0.0008651
[69,] 84 0.40550 0.0007882
[70,] 84 0.40550 0.0007182
[71,] 84 0.40550 0.0006544
[72,] 84 0.40550 0.0005963
[73,] 84 0.40550 0.0005433
[74,] 84 0.40550 0.0004950

$lambda.min
[1] 0.002641774

$lambda.1se
[1] 0.02244856

attr(,"class")
[1] "cv.glmnet"
