$lambda
 [1] 0.3872943758 0.3528882109 0.3215385949 0.2929739923 0.2669469904
 [6] 0.2432321555 0.2216240812 0.2019356087 0.1839962058 0.1676504900
[11] 0.1527568825 0.1391863821 0.1268214475 0.1155549797 0.1052893938
[16] 0.0959357742 0.0874131045 0.0796475652 0.0725718950 0.0661248079
[21] 0.0602504622 0.0548979772 0.0500209922 0.0455772651 0.0415283065
[26] 0.0378390462 0.0344775297 0.0314146410 0.0286238508 0.0260809868
[31] 0.0237640238 0.0216528935 0.0197293101 0.0179766126 0.0163796198
[36] 0.0149244996 0.0135986482 0.0123905817 0.0112898366 0.0102868786
[41] 0.0093730207 0.0085403474 0.0077816464 0.0070903464 0.0064604596
[46] 0.0058865302 0.0053635870 0.0048871008 0.0044529442 0.0040573569
[51] 0.0036969125 0.0033684890 0.0030692417 0.0027965787 0.0025481384
[56] 0.0023217688 0.0021155093 0.0019275732 0.0017563330 0.0016003052
[61] 0.0014581385 0.0013286015 0.0012105722 0.0011030283 0.0010050383
[66] 0.0009157535 0.0008344004 0.0007602746 0.0006927339 0.0006311933
[71] 0.0005751199 0.0005240278 0.0004774746 0.0004350571 0.0003964078
[76] 0.0003611920 0.0003291047 0.0002998680 0.0002732285

$cvm
 [1] 4.037470 4.015943 3.992500 3.962402 3.931508 3.898206 3.853274 3.798229
 [9] 3.726965 3.639214 3.550350 3.463987 3.376720 3.286054 3.193993 3.104292
[17] 3.022858 2.948018 2.879621 2.817125 2.760968 2.708822 2.657588 2.610149
[25] 2.567410 2.529365 2.496716 2.469072 2.444380 2.419654 2.397053 2.376610
[33] 2.358668 2.343630 2.331402 2.321037 2.311935 2.303532 2.296084 2.289211
[41] 2.283065 2.277618 2.272536 2.268101 2.263817 2.259198 2.254526 2.250090
[49] 2.246201 2.242948 2.240257 2.238059 2.236262 2.234817 2.233621 2.232639
[57] 2.231854 2.231209 2.230688 2.230273 2.229908 2.229605 2.229359 2.229183
[65] 2.229080 2.229016 2.229005 2.229011 2.229051 2.229095 2.229156 2.229230
[73] 2.229315 2.229377 2.229457 2.229532 2.229608 2.229715 2.229796

$cvsd
 [1] 0.08184631 0.08148608 0.08049433 0.07915576 0.07750383 0.07595002
 [7] 0.07389684 0.07255046 0.07107720 0.07024410 0.06876754 0.06746189
[13] 0.06664201 0.06599714 0.06468159 0.06410837 0.06384204 0.06396557
[19] 0.06360824 0.06287743 0.06204318 0.06162662 0.06108317 0.06030924
[25] 0.05964905 0.05874171 0.05772296 0.05682828 0.05606356 0.05526314
[31] 0.05468103 0.05417902 0.05369895 0.05325532 0.05289485 0.05258174
[37] 0.05224059 0.05187563 0.05160073 0.05134145 0.05118417 0.05112095
[43] 0.05110692 0.05104091 0.05088591 0.05073899 0.05071965 0.05070634
[49] 0.05066896 0.05063260 0.05060229 0.05057542 0.05056073 0.05055294
[55] 0.05054664 0.05053737 0.05052560 0.05051196 0.05049294 0.05046567
[61] 0.05043387 0.05040262 0.05036540 0.05032987 0.05029352 0.05026502
[67] 0.05024070 0.05021806 0.05019511 0.05017758 0.05016214 0.05014631
[73] 0.05013165 0.05011935 0.05010683 0.05009780 0.05008671 0.05007356
[79] 0.05006525

$cvup
 [1] 4.119317 4.097429 4.072995 4.041557 4.009012 3.974156 3.927171 3.870779
 [9] 3.798043 3.709458 3.619118 3.531449 3.443362 3.352051 3.258675 3.168400
[17] 3.086700 3.011983 2.943229 2.880002 2.823011 2.770448 2.718671 2.670458
[25] 2.627059 2.588107 2.554439 2.525900 2.500444 2.474917 2.451734 2.430789
[33] 2.412367 2.396885 2.384297 2.373619 2.364175 2.355408 2.347684 2.340553
[41] 2.334249 2.328739 2.323643 2.319142 2.314703 2.309937 2.305245 2.300796
[49] 2.296870 2.293581 2.290859 2.288634 2.286822 2.285370 2.284167 2.283177
[57] 2.282380 2.281721 2.281181 2.280738 2.280342 2.280008 2.279724 2.279513
[65] 2.279373 2.279281 2.279245 2.279229 2.279246 2.279272 2.279318 2.279376
[73] 2.279447 2.279497 2.279564 2.279630 2.279695 2.279789 2.279861

$cvlo
 [1] 3.955624 3.934456 3.912006 3.883246 3.854004 3.822256 3.779377 3.725678
 [9] 3.655888 3.568970 3.481583 3.396526 3.310078 3.220057 3.129312 3.040183
[17] 2.959016 2.884052 2.816013 2.754247 2.698925 2.647195 2.596505 2.549839
[25] 2.507760 2.470623 2.438993 2.412244 2.388316 2.364390 2.342372 2.322431
[33] 2.304969 2.290375 2.278507 2.268456 2.259694 2.251657 2.244483 2.237870
[41] 2.231881 2.226497 2.221429 2.217060 2.212932 2.208459 2.203806 2.199384
[49] 2.195532 2.192316 2.189654 2.187483 2.185701 2.184264 2.183074 2.182102
[57] 2.181329 2.180697 2.180195 2.179807 2.179474 2.179203 2.178993 2.178853
[65] 2.178786 2.178751 2.178764 2.178793 2.178856 2.178917 2.178994 2.179083
[73] 2.179183 2.179258 2.179351 2.179434 2.179521 2.179642 2.179731

$nzero
 s0  s1  s2  s3  s4  s5  s6  s7  s8  s9 s10 s11 s12 s13 s14 s15 s16 s17 s18 s19 
  0   1   1   2   2   3   7  11  14  21  28  32  41  44  50  53  58  62  68  76 
s20 s21 s22 s23 s24 s25 s26 s27 s28 s29 s30 s31 s32 s33 s34 s35 s36 s37 s38 s39 
 80  83  91  92  93  93  93  94  96 100 105 109 108 109 110 116 119 122 126 130 
s40 s41 s42 s43 s44 s45 s46 s47 s48 s49 s50 s51 s52 s53 s54 s55 s56 s57 s58 s59 
130 132 135 140 147 148 149 149 149 149 150 152 153 154 154 153 153 153 155 156 
s60 s61 s62 s63 s64 s65 s66 s67 s68 s69 s70 s71 s72 s73 s74 s75 s76 s77 s78 
156 156 157 158 158 158 158 158 159 160 160 160 160 161 161 161 161 161 161 

$name
                 mse 
"Mean-Squared Error" 

$glmnet.fit

Call:  glmnet(x = x, y = y, alpha = 1, family = "gaussian") 

       Df     %Dev    Lambda
 [1,]   0 0.000000 0.3873000
 [2,]   1 0.006306 0.3529000
 [3,]   1 0.011540 0.3215000
 [4,]   2 0.019840 0.2930000
 [5,]   2 0.027330 0.2669000
 [6,]   3 0.035360 0.2432000
 [7,]   7 0.048250 0.2216000
 [8,]  11 0.062790 0.2019000
 [9,]  14 0.080870 0.1840000
[10,]  21 0.103900 0.1677000
[11,]  28 0.127000 0.1528000
[12,]  32 0.149300 0.1392000
[13,]  41 0.172100 0.1268000
[14,]  44 0.195600 0.1156000
[15,]  50 0.219200 0.1053000
[16,]  53 0.241900 0.0959400
[17,]  58 0.263000 0.0874100
[18,]  62 0.281700 0.0796500
[19,]  68 0.299500 0.0725700
[20,]  76 0.315600 0.0661200
[21,]  80 0.330100 0.0602500
[22,]  83 0.343500 0.0549000
[23,]  91 0.356800 0.0500200
[24,]  92 0.368700 0.0455800
[25,]  93 0.379600 0.0415300
[26,]  93 0.389100 0.0378400
[27,]  93 0.397300 0.0344800
[28,]  94 0.404200 0.0314100
[29,]  96 0.410500 0.0286200
[30,] 100 0.417100 0.0260800
[31,] 105 0.422900 0.0237600
[32,] 109 0.428400 0.0216500
[33,] 108 0.433000 0.0197300
[34,] 109 0.436700 0.0179800
[35,] 110 0.439700 0.0163800
[36,] 116 0.442400 0.0149200
[37,] 119 0.445000 0.0136000
[38,] 122 0.447300 0.0123900
[39,] 126 0.449200 0.0112900
[40,] 130 0.451200 0.0102900
[41,] 130 0.453000 0.0093730
[42,] 132 0.454500 0.0085400
[43,] 135 0.456000 0.0077820
[44,] 140 0.457300 0.0070900
[45,] 147 0.458600 0.0064600
[46,] 148 0.460000 0.0058870
[47,] 149 0.461600 0.0053640
[48,] 149 0.462800 0.0048870
[49,] 149 0.463800 0.0044530
[50,] 149 0.464700 0.0040570
[51,] 150 0.465400 0.0036970
[52,] 152 0.466000 0.0033680
[53,] 153 0.466500 0.0030690
[54,] 154 0.466900 0.0027970
[55,] 154 0.467300 0.0025480
[56,] 153 0.467600 0.0023220
[57,] 153 0.467800 0.0021160
[58,] 153 0.468000 0.0019280
[59,] 155 0.468200 0.0017560
[60,] 156 0.468400 0.0016000
[61,] 156 0.468500 0.0014580
[62,] 156 0.468600 0.0013290
[63,] 157 0.468700 0.0012110
[64,] 158 0.468800 0.0011030
[65,] 158 0.468800 0.0010050
[66,] 158 0.468900 0.0009158
[67,] 158 0.468900 0.0008344
[68,] 158 0.469000 0.0007603
[69,] 159 0.469000 0.0006927
[70,] 160 0.469000 0.0006312
[71,] 160 0.469000 0.0005751
[72,] 160 0.469100 0.0005240
[73,] 160 0.469100 0.0004775
[74,] 161 0.469100 0.0004351
[75,] 161 0.469100 0.0003964
[76,] 161 0.469100 0.0003612
[77,] 161 0.469100 0.0003291
[78,] 161 0.469100 0.0002999
[79,] 161 0.469100 0.0002732
[80,] 161 0.469100 0.0002490
[81,] 161 0.469100 0.0002268
[82,] 161 0.469200 0.0002067

$lambda.min
[1] 0.0008344004

$lambda.1se
[1] 0.008540347

attr(,"class")
[1] "cv.glmnet"
