$lambda
 [1] 0.5811753511 0.5295453348 0.4825019868 0.4396378401 0.4005816261
 [6] 0.3649950585 0.3325699035 0.3030253099 0.2761053766 0.2515769359
[11] 0.2292275343 0.2088635920 0.1903087261 0.1734022234 0.1579976478
[16] 0.1439615723 0.1311724230 0.1195194265 0.1089016500 0.0992271276
[21] 0.0904120631 0.0823801046 0.0750616831 0.0683934101 0.0623175281
[26] 0.0567814106 0.0517371066 0.0471409246 0.0429530548 0.0391372238
[31] 0.0356603807 0.0324924108 0.0296058746 0.0269757703 0.0245793172
[36] 0.0223957584 0.0204061810 0.0185933521 0.0169415699 0.0154365276
[41] 0.0140651890 0.0128156764 0.0116771670 0.0106397997 0.0096945892
[46] 0.0088333486 0.0080486183 0.0073336012 0.0066821043 0.0060884846
[51] 0.0055476004 0.0050547668 0.0046057153 0.0041965562 0.0038237457
[56] 0.0034840547 0.0031745409 0.0028925234 0.0026355596 0.0024014238
[61] 0.0021880879 0.0019937042 0.0018165890 0.0016552083 0.0015081641
[66] 0.0013741830 0.0012521043 0.0011408708 0.0010395190 0.0009471710
[71] 0.0008630270 0.0007863580 0.0007165001 0.0006528482 0.0005948510
[76] 0.0005420061 0.0004938558 0.0004499830 0.0004100077 0.0003735838
[81] 0.0003403956

$cvm
 [1] 4.852491 4.798792 4.750936 4.703224 4.638903 4.580371 4.531102 4.478937
 [9] 4.416826 4.337795 4.233452 4.107559 3.991247 3.873974 3.756372 3.629714
[17] 3.512182 3.412674 3.327248 3.249123 3.175549 3.097237 3.008890 2.926585
[25] 2.856845 2.797639 2.744786 2.691816 2.640410 2.587931 2.535561 2.487622
[33] 2.447373 2.410692 2.375989 2.346076 2.319284 2.294649 2.271811 2.249468
[41] 2.229460 2.212115 2.196527 2.182288 2.169409 2.157532 2.146893 2.136867
[49] 2.128431 2.121272 2.114865 2.109407 2.105013 2.101191 2.098133 2.095568
[57] 2.093617 2.091939 2.090593 2.089496 2.088572 2.087843 2.087256 2.086797
[65] 2.086490 2.086233 2.086156 2.086043 2.086073 2.086081 2.086129 2.086240
[73] 2.086290 2.086442 2.086501 2.086641 2.086727 2.086795 2.086904 2.086970
[81] 2.087072

$cvsd
 [1] 0.07446116 0.07414569 0.07273528 0.07109343 0.07037234 0.06978159
 [7] 0.06962753 0.06935074 0.06983181 0.07011552 0.07092662 0.07086169
[13] 0.07070307 0.07079383 0.07048728 0.06987474 0.06957058 0.06914534
[19] 0.06868790 0.06828955 0.06782935 0.06779980 0.06762198 0.06653412
[25] 0.06595625 0.06572282 0.06567017 0.06566288 0.06503044 0.06554198
[31] 0.06618460 0.06569567 0.06543287 0.06489170 0.06430263 0.06389325
[37] 0.06334838 0.06323196 0.06329859 0.06317405 0.06314463 0.06307727
[43] 0.06339958 0.06367280 0.06391953 0.06405927 0.06396588 0.06369259
[49] 0.06354064 0.06343496 0.06324722 0.06308237 0.06301535 0.06291459
[55] 0.06285303 0.06278326 0.06272737 0.06269929 0.06266246 0.06263603
[61] 0.06262832 0.06262226 0.06263578 0.06263698 0.06265291 0.06267747
[67] 0.06265894 0.06266636 0.06267986 0.06269268 0.06269937 0.06272357
[73] 0.06271619 0.06274284 0.06276159 0.06277314 0.06276036 0.06279254
[79] 0.06279436 0.06282505 0.06282648

$cvup
 [1] 4.926952 4.872938 4.823671 4.774317 4.709276 4.650152 4.600729 4.548287
 [9] 4.486657 4.407911 4.304379 4.178421 4.061950 3.944768 3.826860 3.699588
[17] 3.581752 3.481819 3.395936 3.317412 3.243378 3.165037 3.076512 2.993119
[25] 2.922801 2.863362 2.810456 2.757479 2.705440 2.653473 2.601746 2.553318
[33] 2.512806 2.475584 2.440292 2.409969 2.382633 2.357881 2.335110 2.312642
[41] 2.292605 2.275192 2.259927 2.245961 2.233329 2.221591 2.210859 2.200559
[49] 2.191972 2.184707 2.178112 2.172490 2.168029 2.164105 2.160986 2.158351
[57] 2.156345 2.154638 2.153255 2.152132 2.151200 2.150465 2.149892 2.149434
[65] 2.149143 2.148911 2.148815 2.148709 2.148753 2.148774 2.148828 2.148964
[73] 2.149007 2.149185 2.149263 2.149414 2.149487 2.149587 2.149698 2.149795
[81] 2.149898

$cvlo
 [1] 4.778030 4.724646 4.678201 4.632130 4.568531 4.510589 4.461474 4.409586
 [9] 4.346994 4.267680 4.162525 4.036698 3.920544 3.803180 3.685885 3.559839
[17] 3.442611 3.343528 3.258560 3.180833 3.107719 3.029438 2.941268 2.860051
[25] 2.790888 2.731917 2.679116 2.626153 2.575379 2.522389 2.469377 2.421927
[33] 2.381940 2.345800 2.311687 2.282182 2.255936 2.231417 2.208513 2.186294
[41] 2.166315 2.149037 2.133128 2.118615 2.105489 2.093473 2.082927 2.073174
[49] 2.064891 2.057837 2.051618 2.046325 2.041998 2.038276 2.035280 2.032784
[57] 2.030890 2.029239 2.027930 2.026860 2.025943 2.025220 2.024620 2.024160
[65] 2.023837 2.023556 2.023497 2.023376 2.023393 2.023388 2.023429 2.023516
[73] 2.023574 2.023700 2.023739 2.023868 2.023966 2.024002 2.024109 2.024145
[81] 2.024245

$nzero
 s0  s1  s2  s3  s4  s5  s6  s7  s8  s9 s10 s11 s12 s13 s14 s15 s16 s17 s18 s19 
  0   1   1   2   2   2   2   3   4   8  15  17  20  27  34  39  41  42  45  47 
s20 s21 s22 s23 s24 s25 s26 s27 s28 s29 s30 s31 s32 s33 s34 s35 s36 s37 s38 s39 
 48  52  60  60  61  62  67  72  74  80  81  84  89  91  92  94  96  96 101 105 
s40 s41 s42 s43 s44 s45 s46 s47 s48 s49 s50 s51 s52 s53 s54 s55 s56 s57 s58 s59 
106 110 113 115 118 119 120 121 120 120 119 117 117 117 117 117 117 117 117 117 
s60 s61 s62 s63 s64 s65 s66 s67 s68 s69 s70 s71 s72 s73 s74 s75 s76 s77 s78 s79 
117 117 117 116 117 118 118 118 118 118 118 118 118 118 119 119 119 119 119 119 
s80 
119 

$name
                 mse 
"Mean-Squared Error" 

$glmnet.fit

Call:  glmnet(x = x, y = y, alpha = 1, family = "gaussian") 

       Df    %Dev    Lambda
 [1,]   0 0.00000 0.5812000
 [2,]   1 0.01182 0.5295000
 [3,]   1 0.02163 0.4825000
 [4,]   2 0.03121 0.4396000
 [5,]   2 0.04578 0.4006000
 [6,]   2 0.05787 0.3650000
 [7,]   2 0.06791 0.3326000
 [8,]   3 0.07855 0.3030000
 [9,]   4 0.09154 0.2761000
[10,]   8 0.10950 0.2516000
[11,]  15 0.13280 0.2292000
[12,]  17 0.16040 0.2089000
[13,]  20 0.18550 0.1903000
[14,]  27 0.21200 0.1734000
[15,]  34 0.23800 0.1580000
[16,]  39 0.26620 0.1440000
[17,]  41 0.29060 0.1312000
[18,]  42 0.31120 0.1195000
[19,]  45 0.32900 0.1089000
[20,]  47 0.34570 0.0992300
[21,]  48 0.36120 0.0904100
[22,]  52 0.37790 0.0823800
[23,]  60 0.39730 0.0750600
[24,]  60 0.41440 0.0683900
[25,]  61 0.42860 0.0623200
[26,]  62 0.44050 0.0567800
[27,]  67 0.45220 0.0517400
[28,]  72 0.46400 0.0471400
[29,]  74 0.47520 0.0429500
[30,]  80 0.48730 0.0391400
[31,]  81 0.49940 0.0356600
[32,]  84 0.50960 0.0324900
[33,]  89 0.51710 0.0296100
[34,]  91 0.52500 0.0269800
[35,]  92 0.53240 0.0245800
[36,]  94 0.53890 0.0224000
[37,]  96 0.54510 0.0204100
[38,]  96 0.55060 0.0185900
[39,] 101 0.55550 0.0169400
[40,] 105 0.56040 0.0154400
[41,] 106 0.56450 0.0140700
[42,] 110 0.56800 0.0128200
[43,] 113 0.57140 0.0116800
[44,] 115 0.57460 0.0106400
[45,] 118 0.57780 0.0096950
[46,] 119 0.58050 0.0088330
[47,] 120 0.58280 0.0080490
[48,] 121 0.58490 0.0073340
[49,] 120 0.58660 0.0066820
[50,] 120 0.58810 0.0060880
[51,] 119 0.58930 0.0055480
[52,] 117 0.59030 0.0050550
[53,] 117 0.59110 0.0046060
[54,] 117 0.59170 0.0041970
[55,] 117 0.59230 0.0038240
[56,] 117 0.59270 0.0034840
[57,] 117 0.59310 0.0031750
[58,] 117 0.59340 0.0028930
[59,] 117 0.59370 0.0026360
[60,] 117 0.59400 0.0024010
[61,] 117 0.59420 0.0021880
[62,] 117 0.59440 0.0019940
[63,] 117 0.59450 0.0018170
[64,] 116 0.59460 0.0016550
[65,] 117 0.59470 0.0015080
[66,] 118 0.59480 0.0013740
[67,] 118 0.59490 0.0012520
[68,] 118 0.59500 0.0011410
[69,] 118 0.59500 0.0010400
[70,] 118 0.59510 0.0009472
[71,] 118 0.59510 0.0008630
[72,] 118 0.59510 0.0007864
[73,] 118 0.59520 0.0007165
[74,] 118 0.59520 0.0006528
[75,] 119 0.59520 0.0005949
[76,] 119 0.59520 0.0005420
[77,] 119 0.59530 0.0004939
[78,] 119 0.59530 0.0004500
[79,] 119 0.59530 0.0004100
[80,] 119 0.59530 0.0003736
[81,] 119 0.59530 0.0003404
[82,] 119 0.59530 0.0003102
[83,] 119 0.59530 0.0002826

$lambda.min
[1] 0.001140871

$lambda.1se
[1] 0.008048618

attr(,"class")
[1] "cv.glmnet"
