
Call:  glmnet(x = x, y = y, alpha = 0.02, family = "gaussian", standardize = TRUE) 

   Df    %Dev  Lambda
1   0 0.00000 21.2300
2   2 0.00101 19.3400
3   2 0.00250 17.6200
4   5 0.00472 16.0600
5   7 0.00806 14.6300
6   9 0.01234 13.3300
7  12 0.01751 12.1500
8  19 0.02387 11.0700
9  21 0.03104 10.0900
10 21 0.03828  9.1890
11 25 0.04571  8.3730
12 29 0.05391  7.6290
13 30 0.06254  6.9510
14 38 0.07203  6.3340
15 43 0.08213  5.7710
16 47 0.09277  5.2580
17 51 0.10370  4.7910
18 52 0.11470  4.3660
19 55 0.12560  3.9780
20 56 0.13660  3.6240
21 59 0.14750  3.3020
22 62 0.15860  3.0090
23 62 0.16950  2.7420
24 64 0.18030  2.4980
25 67 0.19100  2.2760
26 69 0.20170  2.0740
27 71 0.21240  1.8900
28 73 0.22290  1.7220
29 75 0.23330  1.5690
30 78 0.24340  1.4300
31 80 0.25320  1.3030
32 79 0.26280  1.1870
33 79 0.27190  1.0810
34 79 0.28070  0.9853
35 80 0.28910  0.8978
36 81 0.29720  0.8180
37 80 0.30480  0.7454
38 80 0.31200  0.6791
39 80 0.31870  0.6188
40 82 0.32520  0.5638
41 82 0.33130  0.5137
42 83 0.33710  0.4681
43 83 0.34260  0.4265
44 83 0.34770  0.3886
45 83 0.35230  0.3541
46 83 0.35670  0.3226
47 83 0.36060  0.2940
48 83 0.36420  0.2679
49 83 0.36750  0.2441
50 83 0.37040  0.2224
51 83 0.37310  0.2026
52 82 0.37550  0.1846
53 82 0.37760  0.1682
54 82 0.37940  0.1533
55 83 0.38110  0.1397
56 83 0.38260  0.1273
57 82 0.38390  0.1160
58 82 0.38500  0.1057
59 82 0.38600  0.0963
60 82 0.38690  0.0877
61 82 0.38760  0.0799
62 83 0.38820  0.0728
63 82 0.38880  0.0664
64 82 0.38930  0.0605
65 81 0.38970  0.0551
66 82 0.39010  0.0502
67 82 0.39040  0.0457
68 82 0.39060  0.0417
69 83 0.39090  0.0380
70 83 0.39110  0.0346
71 83 0.39120  0.0315
72 83 0.39140  0.0287
73 83 0.39150  0.0262
74 83 0.39160  0.0238
75 83 0.39170  0.0217
76 83 0.39180  0.0198
77 83 0.39180  0.0180
78 83 0.39190  0.0164
79 83 0.39200  0.0150
80 83 0.39200  0.0136
81 83 0.39200  0.0124
82 83 0.39210  0.0113
83 83 0.39210  0.0103
84 83 0.39210  0.0094
85 83 0.39210  0.0086
86 83 0.39210  0.0078
87 83 0.39220  0.0071
88 83 0.39220  0.0065
89 83 0.39220  0.0059
90 83 0.39220  0.0054
91 83 0.39220  0.0049
92 83 0.39220  0.0045
93 83 0.39220  0.0041
94 83 0.39220  0.0037
95 83 0.39220  0.0034
96 83 0.39220  0.0031
97 83 0.39220  0.0028
