$lambda
 [1] 0.3252698141 0.2963737403 0.2700447141 0.2460546860 0.2241958659
 [6] 0.2042789231 0.1861313466 0.1695959508 0.1545295139 0.1408015378
[11] 0.1282931173 0.1168959103 0.1065111999 0.0970490384 0.0884274693
[16] 0.0805718167 0.0734140386 0.0668921377 0.0609496246 0.0555350279
[21] 0.0506014491 0.0461061558 0.0420102120 0.0382781406 0.0348776161
[26] 0.0317791848 0.0289560096 0.0263836375 0.0240397879 0.0219041594
[31] 0.0199582542 0.0181852179 0.0165696933 0.0150976874 0.0137564505
[36] 0.0125343653 0.0114208469 0.0104062503 0.0094817877 0.0086394518
[41] 0.0078719467 0.0071726247 0.0065354285 0.0059548390 0.0054258275
[46] 0.0049438120 0.0045046173 0.0041044396 0.0037398125 0.0034075778
[51] 0.0031048580 0.0028290310 0.0025777077 0.0023487112 0.0021400582
[56] 0.0019499413 0.0017767139 0.0016188755 0.0014750591 0.0013440189
[61] 0.0012246200 0.0011158281 0.0010167010 0.0009263801 0.0008440830
[66] 0.0007690970

$cvm
 [1] 3.935783 3.920599 3.902074 3.874995 3.843652 3.816321 3.790036 3.754951
 [9] 3.699191 3.628745 3.558065 3.492143 3.430577 3.371426 3.317195 3.267435
[17] 3.222502 3.183476 3.149376 3.117320 3.086489 3.058659 3.033355 3.010711
[25] 2.991084 2.974687 2.960967 2.949388 2.939757 2.931747 2.925116 2.919603
[33] 2.915010 2.911203 2.908035 2.905396 2.903191 2.901304 2.899730 2.898433
[41] 2.897345 2.896488 2.895809 2.895244 2.894790 2.894439 2.894172 2.893962
[49] 2.893792 2.893682 2.893611 2.893584 2.893640 2.893716 2.893835 2.893929
[57] 2.894026 2.894154 2.894325 2.894490 2.894664 2.894864 2.895093 2.895355
[65] 2.895553 2.895739

$cvsd
 [1] 0.1317624 0.1319481 0.1321072 0.1320126 0.1306990 0.1294674 0.1288001
 [8] 0.1289232 0.1294587 0.1277715 0.1248512 0.1222849 0.1205498 0.1193194
[15] 0.1177187 0.1154827 0.1131114 0.1115875 0.1106709 0.1098682 0.1092330
[22] 0.1086135 0.1078330 0.1069776 0.1063976 0.1059031 0.1054696 0.1050436
[29] 0.1046761 0.1043500 0.1040687 0.1038181 0.1035972 0.1034040 0.1032210
[36] 0.1030639 0.1029221 0.1027700 0.1026289 0.1025013 0.1023797 0.1022611
[43] 0.1021583 0.1020611 0.1019746 0.1018886 0.1018054 0.1017279 0.1016625
[50] 0.1016023 0.1015497 0.1015051 0.1014731 0.1014559 0.1014422 0.1014456
[57] 0.1014478 0.1014460 0.1014422 0.1014355 0.1014259 0.1014123 0.1014094
[64] 0.1013958 0.1013887 0.1013803

$cvup
 [1] 4.067546 4.052547 4.034181 4.007008 3.974351 3.945788 3.918836 3.883874
 [9] 3.828649 3.756516 3.682916 3.614428 3.551126 3.490745 3.434914 3.382917
[17] 3.335613 3.295063 3.260047 3.227188 3.195722 3.167272 3.141188 3.117688
[25] 3.097482 3.080590 3.066437 3.054431 3.044433 3.036097 3.029185 3.023421
[33] 3.018607 3.014607 3.011256 3.008460 3.006113 3.004074 3.002359 3.000935
[41] 2.999724 2.998750 2.997967 2.997305 2.996765 2.996328 2.995977 2.995690
[49] 2.995455 2.995284 2.995161 2.995089 2.995114 2.995172 2.995277 2.995374
[57] 2.995474 2.995600 2.995768 2.995925 2.996090 2.996277 2.996502 2.996751
[65] 2.996941 2.997119

$cvlo
 [1] 3.804021 3.788651 3.769967 3.742983 3.712953 3.686853 3.661236 3.626028
 [9] 3.569732 3.500973 3.433213 3.369858 3.310027 3.252107 3.199477 3.151952
[17] 3.109390 3.071888 3.038705 3.007451 2.977256 2.950045 2.925522 2.903733
[25] 2.884686 2.868784 2.855498 2.844344 2.835081 2.827397 2.821047 2.815785
[33] 2.811413 2.807799 2.804814 2.802332 2.800269 2.798534 2.797101 2.795932
[41] 2.794965 2.794227 2.793651 2.793183 2.792816 2.792551 2.792367 2.792235
[49] 2.792130 2.792079 2.792062 2.792079 2.792167 2.792260 2.792393 2.792483
[57] 2.792578 2.792708 2.792883 2.793054 2.793238 2.793452 2.793683 2.793959
[65] 2.794164 2.794358

$nzero
 s0  s1  s2  s3  s4  s5  s6  s7  s8  s9 s10 s11 s12 s13 s14 s15 s16 s17 s18 s19 
  0   1   2   3   4   4   6  11  16  20  22  27  33  37  38  40  42  49  52  56 
s20 s21 s22 s23 s24 s25 s26 s27 s28 s29 s30 s31 s32 s33 s34 s35 s36 s37 s38 s39 
 59  62  61  60  60  60  59  59  59  58  58  58  58  58  58  58  58  58  58  58 
s40 s41 s42 s43 s44 s45 s46 s47 s48 s49 s50 s51 s52 s53 s54 s55 s56 s57 s58 s59 
 58  58  58  58  58  58  58  58  59  59  59  59  59  59  59  59  59  59  59  60 
s60 s61 s62 s63 s64 s65 
 60  60  60  60  60  61 

$name
                 mse 
"Mean-Squared Error" 

$glmnet.fit

Call:  glmnet(x = x, y = y, alpha = 1, family = "gaussian") 

      Df     %Dev    Lambda
 [1,]  0 0.000000 0.3253000
 [2,]  1 0.004568 0.2964000
 [3,]  2 0.009675 0.2700000
 [4,]  3 0.017890 0.2461000
 [5,]  4 0.026120 0.2242000
 [6,]  4 0.033870 0.2043000
 [7,]  6 0.041440 0.1861000
 [8,] 11 0.050820 0.1696000
 [9,] 16 0.070320 0.1545000
[10,] 20 0.090040 0.1408000
[11,] 22 0.109700 0.1283000
[12,] 27 0.127400 0.1169000
[13,] 33 0.144500 0.1065000
[14,] 37 0.161300 0.0970500
[15,] 38 0.177700 0.0884300
[16,] 40 0.191500 0.0805700
[17,] 42 0.203800 0.0734100
[18,] 49 0.214700 0.0668900
[19,] 52 0.224300 0.0609500
[20,] 56 0.233500 0.0555400
[21,] 59 0.242300 0.0506000
[22,] 62 0.250300 0.0461100
[23,] 61 0.257500 0.0420100
[24,] 60 0.263500 0.0382800
[25,] 60 0.268500 0.0348800
[26,] 60 0.272600 0.0317800
[27,] 59 0.276000 0.0289600
[28,] 59 0.278800 0.0263800
[29,] 59 0.281200 0.0240400
[30,] 58 0.283100 0.0219000
[31,] 58 0.284700 0.0199600
[32,] 58 0.286100 0.0181900
[33,] 58 0.287200 0.0165700
[34,] 58 0.288100 0.0151000
[35,] 58 0.288900 0.0137600
[36,] 58 0.289500 0.0125300
[37,] 58 0.290100 0.0114200
[38,] 58 0.290500 0.0104100
[39,] 58 0.290900 0.0094820
[40,] 58 0.291200 0.0086390
[41,] 58 0.291400 0.0078720
[42,] 58 0.291700 0.0071730
[43,] 58 0.291800 0.0065350
[44,] 58 0.292000 0.0059550
[45,] 58 0.292100 0.0054260
[46,] 58 0.292200 0.0049440
[47,] 58 0.292300 0.0045050
[48,] 58 0.292300 0.0041040
[49,] 59 0.292400 0.0037400
[50,] 59 0.292500 0.0034080
[51,] 59 0.292500 0.0031050
[52,] 59 0.292500 0.0028290
[53,] 59 0.292600 0.0025780
[54,] 59 0.292600 0.0023490
[55,] 59 0.292600 0.0021400
[56,] 59 0.292600 0.0019500
[57,] 59 0.292600 0.0017770
[58,] 59 0.292700 0.0016190
[59,] 59 0.292700 0.0014750
[60,] 60 0.292700 0.0013440
[61,] 60 0.292700 0.0012250
[62,] 60 0.292700 0.0011160
[63,] 60 0.292700 0.0010170
[64,] 60 0.292700 0.0009264
[65,] 60 0.292700 0.0008441
[66,] 61 0.292700 0.0007691
[67,] 61 0.292700 0.0007008
[68,] 61 0.292700 0.0006385
[69,] 61 0.292700 0.0005818
[70,] 61 0.292700 0.0005301

$lambda.min
[1] 0.002829031

$lambda.1se
[1] 0.03487762

attr(,"class")
[1] "cv.glmnet"
