$lambda
 [1] 0.5017932217 0.4572152949 0.4165975483 0.3795881703 0.3458666035
 [6] 0.3151407677 0.2871445305 0.2616354018 0.2383924339 0.2172143071
[11] 0.1979175867 0.1803351338 0.1643146576 0.1497173963 0.1364169154
[16] 0.1242980127 0.1132557198 0.1031943938 0.0940268883 0.0856737987
[21] 0.0780627746 0.0711278928 0.0648090869 0.0590516262 0.0538056425
[26] 0.0490256975 0.0446703897 0.0407019954 0.0370861423 0.0337915116
[31] 0.0307895669 0.0280543066 0.0255620393 0.0232911782 0.0212220541
[36] 0.0193367453 0.0176189222 0.0160537057 0.0146275387 0.0133280685
[41] 0.0121440396 0.0110651966 0.0100821951 0.0091865206 0.0083704155
[46] 0.0076268108 0.0069492660 0.0063319123 0.0057694027 0.0052568649
[51] 0.0047898595 0.0043643416 0.0039766255 0.0036233530 0.0033014643
[56] 0.0030081713 0.0027409337 0.0024974367 0.0022755713 0.0020734158
[61] 0.0018892193 0.0017213862 0.0015684630 0.0014291251 0.0013021656
[66] 0.0011864848 0.0010810807 0.0009850405 0.0008975322 0.0008177979
[71] 0.0007451470 0.0006789502 0.0006186341 0.0005636764

$cvm
 [1] 4.356001 4.319347 4.283831 4.254344 4.229505 4.201648 4.164875 4.119951
 [9] 4.074808 4.022288 3.949922 3.873332 3.796616 3.714790 3.624049 3.526586
[17] 3.432141 3.338454 3.250122 3.167198 3.091395 3.023480 2.959969 2.902923
[25] 2.854522 2.812368 2.773135 2.738105 2.707148 2.678196 2.652282 2.630808
[33] 2.612403 2.595385 2.580278 2.566634 2.554303 2.542540 2.531367 2.520828
[41] 2.510653 2.501294 2.493189 2.486104 2.480004 2.474882 2.470643 2.467117
[49] 2.464174 2.461776 2.459739 2.458096 2.456750 2.455641 2.454705 2.453956
[57] 2.453400 2.452946 2.452631 2.452438 2.452312 2.452298 2.452341 2.452470
[65] 2.452604 2.452769 2.452996 2.453153 2.453484 2.453694 2.453979 2.454239
[73] 2.454486 2.454628

$cvsd
 [1] 0.08675877 0.08723616 0.08668013 0.08625922 0.08598659 0.08623494
 [7] 0.08501556 0.08411970 0.08242203 0.08066635 0.07945142 0.07720522
[13] 0.07552265 0.07365005 0.07112931 0.06918235 0.06687578 0.06433641
[19] 0.06176973 0.05915627 0.05645787 0.05396955 0.05199824 0.05044078
[25] 0.04923340 0.04829254 0.04762114 0.04702208 0.04641747 0.04591261
[31] 0.04563912 0.04554103 0.04547699 0.04562098 0.04589277 0.04605452
[37] 0.04639214 0.04695716 0.04746761 0.04789065 0.04818992 0.04857265
[43] 0.04896560 0.04929287 0.04961019 0.04990596 0.05018224 0.05044357
[49] 0.05069574 0.05095203 0.05119953 0.05138508 0.05154773 0.05171404
[55] 0.05186717 0.05201528 0.05215120 0.05227352 0.05238713 0.05249637
[61] 0.05259964 0.05269455 0.05277836 0.05286394 0.05294512 0.05302638
[67] 0.05308105 0.05314899 0.05322395 0.05331047 0.05340953 0.05348667
[73] 0.05356755 0.05363336

$cvup
 [1] 4.442760 4.406584 4.370511 4.340603 4.315491 4.287883 4.249890 4.204071
 [9] 4.157230 4.102954 4.029373 3.950538 3.872139 3.788440 3.695178 3.595768
[17] 3.499016 3.402790 3.311892 3.226354 3.147852 3.077449 3.011967 2.953364
[25] 2.903755 2.860660 2.820757 2.785127 2.753566 2.724109 2.697921 2.676350
[33] 2.657880 2.641006 2.626170 2.612688 2.600695 2.589497 2.578835 2.568718
[41] 2.558843 2.549867 2.542155 2.535397 2.529614 2.524788 2.520825 2.517561
[49] 2.514870 2.512728 2.510938 2.509481 2.508298 2.507355 2.506573 2.505971
[57] 2.505551 2.505220 2.505018 2.504935 2.504911 2.504993 2.505119 2.505334
[65] 2.505550 2.505796 2.506077 2.506302 2.506708 2.507005 2.507389 2.507726
[73] 2.508053 2.508262

$cvlo
 [1] 4.269242 4.232111 4.197151 4.168085 4.143518 4.115413 4.079859 4.035831
 [9] 3.992386 3.941622 3.870470 3.796127 3.721094 3.641140 3.552920 3.457403
[17] 3.365265 3.274117 3.188352 3.108042 3.034937 2.969510 2.907970 2.852482
[25] 2.805288 2.764075 2.725514 2.691083 2.660731 2.632284 2.606643 2.585267
[33] 2.566926 2.549764 2.534385 2.520579 2.507911 2.495582 2.483899 2.472937
[41] 2.462463 2.452721 2.444224 2.436811 2.430394 2.424976 2.420460 2.416674
[49] 2.413479 2.410824 2.408539 2.406711 2.405203 2.403927 2.402838 2.401941
[57] 2.401249 2.400673 2.400244 2.399942 2.399712 2.399603 2.399563 2.399606
[65] 2.399659 2.399743 2.399915 2.400005 2.400260 2.400384 2.400569 2.400753
[73] 2.400918 2.400995

$nzero
 s0  s1  s2  s3  s4  s5  s6  s7  s8  s9 s10 s11 s12 s13 s14 s15 s16 s17 s18 s19 
  0   1   1   1   1   2   3   5   5   9  12  14  18  23  29  35  40  47  50  54 
s20 s21 s22 s23 s24 s25 s26 s27 s28 s29 s30 s31 s32 s33 s34 s35 s36 s37 s38 s39 
 57  61  63  64  66  68  69  73  77  80  83  85  89  91  93  95 100 101 105 109 
s40 s41 s42 s43 s44 s45 s46 s47 s48 s49 s50 s51 s52 s53 s54 s55 s56 s57 s58 s59 
109 111 112 112 111 108 108 108 108 108 108 107 106 105 105 104 104 103 103 103 
s60 s61 s62 s63 s64 s65 s66 s67 s68 s69 s70 s71 s72 s73 
103 103 103 103 103 103 104 104 105 107 110 110 111 111 

$name
                 mse 
"Mean-Squared Error" 

$glmnet.fit

Call:  glmnet(x = x, y = y, alpha = 1, family = "gaussian") 

       Df    %Dev    Lambda
 [1,]   0 0.00000 0.5018000
 [2,]   1 0.00981 0.4572000
 [3,]   1 0.01795 0.4166000
 [4,]   1 0.02472 0.3796000
 [5,]   1 0.03033 0.3459000
 [6,]   2 0.03680 0.3151000
 [7,]   3 0.04541 0.2871000
 [8,]   5 0.05663 0.2616000
 [9,]   5 0.06770 0.2384000
[10,]   9 0.08001 0.2172000
[11,]  12 0.09947 0.1979000
[12,]  14 0.11750 0.1803000
[13,]  18 0.13710 0.1643000
[14,]  23 0.15790 0.1497000
[15,]  29 0.17950 0.1364000
[16,]  35 0.20440 0.1243000
[17,]  40 0.22690 0.1133000
[18,]  47 0.25050 0.1032000
[19,]  50 0.27230 0.0940300
[20,]  54 0.29200 0.0856700
[21,]  57 0.30990 0.0780600
[22,]  61 0.32630 0.0711300
[23,]  63 0.34160 0.0648100
[24,]  64 0.35470 0.0590500
[25,]  66 0.36590 0.0538100
[26,]  68 0.37560 0.0490300
[27,]  69 0.38510 0.0446700
[28,]  73 0.39320 0.0407000
[29,]  77 0.40040 0.0370900
[30,]  80 0.40750 0.0337900
[31,]  83 0.41380 0.0307900
[32,]  85 0.41910 0.0280500
[33,]  89 0.42380 0.0255600
[34,]  91 0.42830 0.0232900
[35,]  93 0.43250 0.0212200
[36,]  95 0.43610 0.0193400
[37,] 100 0.43940 0.0176200
[38,] 101 0.44290 0.0160500
[39,] 105 0.44580 0.0146300
[40,] 109 0.44880 0.0133300
[41,] 109 0.45140 0.0121400
[42,] 111 0.45370 0.0110700
[43,] 112 0.45550 0.0100800
[44,] 112 0.45710 0.0091870
[45,] 111 0.45850 0.0083700
[46,] 108 0.45950 0.0076270
[47,] 108 0.46040 0.0069490
[48,] 108 0.46120 0.0063320
[49,] 108 0.46180 0.0057690
[50,] 108 0.46230 0.0052570
[51,] 108 0.46280 0.0047900
[52,] 107 0.46310 0.0043640
[53,] 106 0.46340 0.0039770
[54,] 105 0.46370 0.0036230
[55,] 105 0.46390 0.0033010
[56,] 104 0.46400 0.0030080
[57,] 104 0.46420 0.0027410
[58,] 103 0.46430 0.0024970
[59,] 103 0.46440 0.0022760
[60,] 103 0.46450 0.0020730
[61,] 103 0.46450 0.0018890
[62,] 103 0.46460 0.0017210
[63,] 103 0.46470 0.0015680
[64,] 103 0.46470 0.0014290
[65,] 103 0.46470 0.0013020
[66,] 103 0.46480 0.0011860
[67,] 104 0.46480 0.0010810
[68,] 104 0.46480 0.0009850
[69,] 105 0.46480 0.0008975
[70,] 107 0.46480 0.0008178
[71,] 110 0.46480 0.0007451
[72,] 110 0.46490 0.0006790
[73,] 111 0.46500 0.0006186
[74,] 111 0.46500 0.0005637
[75,] 111 0.46500 0.0005136
[76,] 111 0.46500 0.0004680
[77,] 111 0.46500 0.0004264
[78,] 110 0.46510 0.0003885
[79,] 110 0.46510 0.0003540
[80,] 110 0.46510 0.0003226
[81,] 110 0.46510 0.0002939
[82,] 110 0.46510 0.0002678
[83,] 110 0.46510 0.0002440

$lambda.min
[1] 0.001721386

$lambda.1se
[1] 0.0110652

attr(,"class")
[1] "cv.glmnet"
