$lambda
 [1] 0.4457760525 0.4061745367 0.3700911103 0.3372132361 0.3072561416
 [6] 0.2799603529 0.2550894468 0.2324280034 0.2117797402 0.1929658118
[11] 0.1758232609 0.1602036070 0.1459715601 0.1330038490 0.1211881537
[16] 0.1104221321 0.1006125342 0.0916743940 0.0835302935 0.0761096925
[21] 0.0693483172 0.0631876038 0.0575741912 0.0524594588 0.0477991050
[26] 0.0435527643 0.0396836568 0.0361582701 0.0329460690 0.0300192310
[31] 0.0273524053 0.0249224930 0.0227084474 0.0206910915 0.0188529520
[36] 0.0171781077 0.0156520520 0.0142615668 0.0129946085 0.0118402033
[41] 0.0107883523 0.0098299448 0.0089566796 0.0081609929 0.0074359928
[46] 0.0067753997 0.0061734918 0.0056250558 0.0051253414 0.0046700202
[51] 0.0042551484 0.0038771328 0.0035326990 0.0032188638 0.0029329088
[56] 0.0026723572 0.0024349524 0.0022186379 0.0020215403 0.0018419522
[61] 0.0016783182 0.0015292211 0.0013933693 0.0012695862 0.0011567997
[66] 0.0010540328 0.0009603954 0.0008750765 0.0007973371 0.0007265039
[71] 0.0006619633 0.0006031563 0.0005495736 0.0005007510 0.0004562656
[76] 0.0004157322 0.0003787997 0.0003451482

$cvm
 [1] 4.501362 4.469277 4.426568 4.374971 4.321798 4.260301 4.194048 4.123688
 [9] 4.055669 3.992853 3.921005 3.843261 3.763841 3.673743 3.583604 3.492646
[17] 3.399351 3.310373 3.232052 3.156607 3.083587 3.019596 2.963094 2.907232
[25] 2.852001 2.802403 2.755082 2.707984 2.666354 2.630389 2.599165 2.571504
[33] 2.547662 2.527078 2.509147 2.493158 2.478914 2.464964 2.452443 2.441632
[41] 2.431790 2.421784 2.412569 2.404630 2.397714 2.391851 2.386854 2.382644
[49] 2.379072 2.376060 2.373543 2.371445 2.369683 2.368225 2.367002 2.365974
[57] 2.365126 2.364460 2.363915 2.363513 2.363246 2.363053 2.362958 2.362917
[65] 2.362915 2.362966 2.363074 2.363228 2.363383 2.363516 2.363775 2.363957
[73] 2.364136 2.364319 2.364518 2.364709 2.364898 2.365094

$cvsd
 [1] 0.05540474 0.05505977 0.05402657 0.05314687 0.05242297 0.05204103
 [7] 0.05136085 0.05022828 0.04972033 0.04955443 0.04922150 0.04923937
[13] 0.04956599 0.04930774 0.04836592 0.04694865 0.04560307 0.04369441
[19] 0.04205935 0.04074002 0.03910738 0.03814339 0.03743774 0.03659648
[25] 0.03576504 0.03466096 0.03370337 0.03282314 0.03187241 0.03107485
[31] 0.03044230 0.02999734 0.02946988 0.02896713 0.02851255 0.02802105
[37] 0.02769880 0.02753732 0.02733321 0.02706554 0.02678282 0.02649751
[43] 0.02629554 0.02617437 0.02605051 0.02594664 0.02587194 0.02579382
[49] 0.02573220 0.02567545 0.02562356 0.02557750 0.02552674 0.02548232
[55] 0.02544337 0.02540961 0.02538431 0.02536599 0.02534769 0.02533179
[61] 0.02531733 0.02529688 0.02528079 0.02526387 0.02524713 0.02522898
[67] 0.02520285 0.02518507 0.02515524 0.02513396 0.02512536 0.02509129
[73] 0.02506886 0.02505244 0.02503498 0.02502522 0.02500085 0.02498562

$cvup
 [1] 4.556767 4.524336 4.480594 4.428118 4.374221 4.312342 4.245409 4.173916
 [9] 4.105389 4.042407 3.970226 3.892500 3.813407 3.723051 3.631970 3.539594
[17] 3.444954 3.354067 3.274111 3.197347 3.122695 3.057740 3.000531 2.943828
[25] 2.887766 2.837064 2.788785 2.740807 2.698226 2.661464 2.629607 2.601501
[33] 2.577132 2.556045 2.537659 2.521179 2.506613 2.492501 2.479776 2.468698
[41] 2.458573 2.448281 2.438865 2.430804 2.423765 2.417798 2.412726 2.408438
[49] 2.404804 2.401736 2.399167 2.397023 2.395209 2.393707 2.392446 2.391383
[57] 2.390510 2.389826 2.389262 2.388845 2.388564 2.388350 2.388238 2.388181
[65] 2.388162 2.388195 2.388277 2.388413 2.388539 2.388650 2.388900 2.389048
[73] 2.389205 2.389372 2.389553 2.389734 2.389898 2.390079

$cvlo
 [1] 4.445957 4.414217 4.372541 4.321824 4.269375 4.208260 4.142687 4.073459
 [9] 4.005949 3.943298 3.871783 3.794022 3.714275 3.624435 3.535238 3.445697
[17] 3.353748 3.266678 3.189993 3.115867 3.044480 2.981453 2.925656 2.870635
[25] 2.816235 2.767742 2.721379 2.675161 2.634481 2.599314 2.568722 2.541507
[33] 2.518192 2.498111 2.480634 2.465137 2.451215 2.437426 2.425109 2.414566
[41] 2.405007 2.395286 2.386274 2.378455 2.371663 2.365905 2.360982 2.356850
[49] 2.353340 2.350385 2.347920 2.345868 2.344156 2.342742 2.341559 2.340564
[57] 2.339741 2.339094 2.338567 2.338181 2.337929 2.337757 2.337677 2.337653
[65] 2.337668 2.337737 2.337871 2.338043 2.338228 2.338382 2.338649 2.338866
[73] 2.339067 2.339267 2.339483 2.339684 2.339897 2.340108

$nzero
 s0  s1  s2  s3  s4  s5  s6  s7  s8  s9 s10 s11 s12 s13 s14 s15 s16 s17 s18 s19 
  0   1   2   3   4   5   8  11  12  15  17  20  25  34  39  44  49  52  56  67 
s20 s21 s22 s23 s24 s25 s26 s27 s28 s29 s30 s31 s32 s33 s34 s35 s36 s37 s38 s39 
 76  92  98 115 128 141 151 157 162 169 177 183 189 193 202 215 222 223 237 242 
s40 s41 s42 s43 s44 s45 s46 s47 s48 s49 s50 s51 s52 s53 s54 s55 s56 s57 s58 s59 
256 262 265 272 280 283 277 273 271 263 263 263 257 257 254 249 249 249 249 248 
s60 s61 s62 s63 s64 s65 s66 s67 s68 s69 s70 s71 s72 s73 s74 s75 s76 s77 
246 246 246 246 246 245 246 245 246 248 249 250 254 254 256 257 258 261 

$name
                 mse 
"Mean-Squared Error" 

$glmnet.fit

Call:  glmnet(x = x, y = y, alpha = 1, family = "gaussian") 

       Df     %Dev    Lambda
 [1,]   0 0.000000 0.4458000
 [2,]   1 0.007493 0.4062000
 [3,]   2 0.016940 0.3701000
 [4,]   3 0.028660 0.3372000
 [5,]   4 0.039940 0.3073000
 [6,]   5 0.054580 0.2800000
 [7,]   8 0.069550 0.2551000
 [8,]  11 0.085620 0.2324000
 [9,]  12 0.100900 0.2118000
[10,]  15 0.114900 0.1930000
[11,]  17 0.131100 0.1758000
[12,]  20 0.148300 0.1602000
[13,]  25 0.166300 0.1460000
[14,]  34 0.187700 0.1330000
[15,]  39 0.208400 0.1212000
[16,]  44 0.229000 0.1104000
[17,]  49 0.250300 0.1006000
[18,]  52 0.270400 0.0916700
[19,]  56 0.287900 0.0835300
[20,]  67 0.305500 0.0761100
[21,]  76 0.322700 0.0693500
[22,]  92 0.337700 0.0631900
[23,]  98 0.351000 0.0575700
[24,] 115 0.364200 0.0524600
[25,] 128 0.377600 0.0478000
[26,] 141 0.389300 0.0435500
[27,] 151 0.400700 0.0396800
[28,] 157 0.412200 0.0361600
[29,] 162 0.421800 0.0329500
[30,] 169 0.430300 0.0300200
[31,] 177 0.437700 0.0273500
[32,] 183 0.444500 0.0249200
[33,] 189 0.450200 0.0227100
[34,] 193 0.455200 0.0206900
[35,] 202 0.459500 0.0188500
[36,] 215 0.463400 0.0171800
[37,] 222 0.466900 0.0156500
[38,] 223 0.470400 0.0142600
[39,] 237 0.473500 0.0129900
[40,] 242 0.476200 0.0118400
[41,] 256 0.478700 0.0107900
[42,] 262 0.481200 0.0098300
[43,] 265 0.483500 0.0089570
[44,] 272 0.485400 0.0081610
[45,] 280 0.487000 0.0074360
[46,] 283 0.488300 0.0067750
[47,] 277 0.489400 0.0061730
[48,] 273 0.490300 0.0056250
[49,] 271 0.491100 0.0051250
[50,] 263 0.491800 0.0046700
[51,] 263 0.492300 0.0042550
[52,] 263 0.492700 0.0038770
[53,] 257 0.493100 0.0035330
[54,] 257 0.493400 0.0032190
[55,] 254 0.493600 0.0029330
[56,] 249 0.493800 0.0026720
[57,] 249 0.494000 0.0024350
[58,] 249 0.494200 0.0022190
[59,] 249 0.494300 0.0020220
[60,] 248 0.494400 0.0018420
[61,] 246 0.494500 0.0016780
[62,] 246 0.494500 0.0015290
[63,] 246 0.494600 0.0013930
[64,] 246 0.494600 0.0012700
[65,] 246 0.494700 0.0011570
[66,] 245 0.494700 0.0010540
[67,] 246 0.494700 0.0009604
[68,] 245 0.494700 0.0008751
[69,] 246 0.494800 0.0007973
[70,] 248 0.494800 0.0007265
[71,] 249 0.494800 0.0006620
[72,] 250 0.494800 0.0006032
[73,] 254 0.494800 0.0005496
[74,] 254 0.494800 0.0005008
[75,] 256 0.494900 0.0004563
[76,] 257 0.494900 0.0004157
[77,] 258 0.494900 0.0003788
[78,] 261 0.494900 0.0003451
[79,] 261 0.494900 0.0003145
[80,] 261 0.494900 0.0002865
[81,] 264 0.494900 0.0002611
[82,] 269 0.494900 0.0002379
[83,] 268 0.494900 0.0002168
[84,] 268 0.494900 0.0001975
[85,] 269 0.494900 0.0001800
[86,] 268 0.494900 0.0001640

$lambda.min
[1] 0.0011568

$lambda.1se
[1] 0.006173492

attr(,"class")
[1] "cv.glmnet"
