$lambda
 [1] 0.4375799468 0.3987065504 0.3632865594 0.3310131827 0.3016068839
 [6] 0.2748129596 0.2503993337 0.2281545471 0.2078859259 0.1894179133
[11] 0.1725905479 0.1572580793 0.1432877050 0.1305584202 0.1189599700
[16] 0.1083918942 0.0987626570 0.0899888548 0.0819944930 0.0747103282
[21] 0.0680732685 0.0620258270 0.0565156235 0.0514949313 0.0469202635
[26] 0.0427519966 0.0389540271 0.0354934587 0.0323403176 0.0294672929
[31] 0.0268494999 0.0244642643 0.0222909265 0.0203106620 0.0185063188
[36] 0.0168622684 0.0153642710 0.0139993515 0.0127556877 0.0116225075
[41] 0.0105899960 0.0096492100 0.0087920007 0.0080109436 0.0072992735
[46] 0.0066508261 0.0060599851 0.0055216327 0.0050311061 0.0045841565
[51] 0.0041769126 0.0038058472 0.0034677463 0.0031596812 0.0028789839
[56] 0.0026232229 0.0023901830 0.0021778457 0.0019843719 0.0018080858
[61] 0.0016474604 0.0015011046 0.0013677506 0.0012462434 0.0011355306
[66] 0.0010346532 0.0009427374 0.0008589872 0.0007826772 0.0007131463
[71] 0.0006497923 0.0005920666 0.0005394690

$cvm
 [1] 4.642385 4.615079 4.567771 4.497764 4.411411 4.323193 4.242438 4.161632
 [9] 4.075779 3.978897 3.877324 3.782697 3.697080 3.617693 3.545398 3.477421
[17] 3.407495 3.340958 3.276658 3.214318 3.155398 3.101211 3.046975 2.993569
[25] 2.942672 2.892606 2.845051 2.800738 2.762333 2.729873 2.701823 2.678523
[33] 2.658941 2.642937 2.629605 2.618257 2.608458 2.599793 2.591869 2.584957
[41] 2.578509 2.573167 2.568844 2.565280 2.562194 2.559546 2.557274 2.555338
[49] 2.553726 2.552425 2.551448 2.550691 2.550113 2.549796 2.549603 2.549471
[57] 2.549429 2.549446 2.549535 2.549658 2.549843 2.550016 2.550187 2.550521
[65] 2.550716 2.550977 2.551215 2.551426 2.551754 2.552039 2.552267 2.552488
[73] 2.552688

$cvsd
 [1] 0.2205189 0.2226198 0.2203246 0.2176915 0.2155825 0.2110521 0.2066048
 [8] 0.2026241 0.2004468 0.1988029 0.1958895 0.1913421 0.1861419 0.1816840
[15] 0.1776322 0.1733452 0.1694449 0.1662721 0.1624446 0.1581557 0.1534634
[22] 0.1486244 0.1435018 0.1392295 0.1353998 0.1320246 0.1289179 0.1268024
[29] 0.1246817 0.1227398 0.1213596 0.1203351 0.1193021 0.1183771 0.1174902
[36] 0.1168893 0.1165526 0.1162720 0.1161489 0.1160599 0.1158306 0.1157000
[43] 0.1156267 0.1155696 0.1154926 0.1154567 0.1154474 0.1154502 0.1154746
[50] 0.1155088 0.1155341 0.1155749 0.1156360 0.1157241 0.1157985 0.1158763
[57] 0.1159510 0.1160405 0.1161396 0.1162442 0.1163443 0.1164416 0.1165387
[64] 0.1165980 0.1166933 0.1167473 0.1168106 0.1168648 0.1169642 0.1169843
[71] 0.1170019 0.1170114 0.1170319

$cvup
 [1] 4.862903 4.837698 4.788096 4.715455 4.626993 4.534245 4.449043 4.364256
 [9] 4.276226 4.177700 4.073214 3.974039 3.883222 3.799378 3.723031 3.650767
[17] 3.576939 3.507230 3.439103 3.372474 3.308861 3.249836 3.190477 3.132798
[25] 3.078071 3.024631 2.973969 2.927540 2.887014 2.852613 2.823183 2.798858
[33] 2.778243 2.761314 2.747096 2.735146 2.725011 2.716065 2.708018 2.701017
[41] 2.694339 2.688867 2.684471 2.680850 2.677686 2.675002 2.672721 2.670788
[49] 2.669201 2.667934 2.666982 2.666266 2.665749 2.665520 2.665402 2.665347
[57] 2.665380 2.665486 2.665675 2.665902 2.666188 2.666458 2.666726 2.667119
[65] 2.667409 2.667724 2.668026 2.668291 2.668718 2.669023 2.669269 2.669500
[73] 2.669720

$cvlo
 [1] 4.421866 4.392459 4.347446 4.280072 4.195828 4.112141 4.035833 3.959007
 [9] 3.875332 3.780094 3.681435 3.591355 3.510938 3.436009 3.367766 3.304076
[17] 3.238050 3.174686 3.114213 3.056162 3.001934 2.952587 2.903473 2.854339
[25] 2.807272 2.760582 2.716133 2.673935 2.637651 2.607133 2.580463 2.558188
[33] 2.539639 2.524560 2.512115 2.501367 2.491906 2.483521 2.475720 2.468897
[41] 2.462678 2.457467 2.453218 2.449710 2.446701 2.444089 2.441827 2.439887
[49] 2.438251 2.436917 2.435914 2.435116 2.434477 2.434072 2.433805 2.433595
[57] 2.433478 2.433405 2.433396 2.433414 2.433499 2.433575 2.433649 2.433923
[65] 2.434023 2.434230 2.434405 2.434561 2.434789 2.435055 2.435265 2.435477
[73] 2.435657

$nzero
 s0  s1  s2  s3  s4  s5  s6  s7  s8  s9 s10 s11 s12 s13 s14 s15 s16 s17 s18 s19 
  0   3   7   8   9  10  12  17  20  23  25  26  30  32  33  36  37  39  42  45 
s20 s21 s22 s23 s24 s25 s26 s27 s28 s29 s30 s31 s32 s33 s34 s35 s36 s37 s38 s39 
 49  53  56  56  61  63  64  65  69  71  73  73  75  76  77  77  79  79  79  80 
s40 s41 s42 s43 s44 s45 s46 s47 s48 s49 s50 s51 s52 s53 s54 s55 s56 s57 s58 s59 
 80  81  82  83  83  82  83  83  83  83  83  83  83  83  83  83  83  83  83  83 
s60 s61 s62 s63 s64 s65 s66 s67 s68 s69 s70 s71 s72 
 83  83  83  83  83  83  83  83  83  83  83  83  83 

$name
                 mse 
"Mean-Squared Error" 

$glmnet.fit

Call:  glmnet(x = x, y = y, alpha = 1, family = "gaussian") 

      Df     %Dev    Lambda
 [1,]  0 0.000000 0.4376000
 [2,]  3 0.008548 0.3987000
 [3,]  7 0.020330 0.3633000
 [4,]  8 0.037520 0.3310000
 [5,]  9 0.058690 0.3016000
 [6,] 10 0.078070 0.2748000
 [7,] 12 0.096820 0.2504000
 [8,] 17 0.115700 0.2282000
 [9,] 20 0.135900 0.2079000
[10,] 23 0.159300 0.1894000
[11,] 25 0.182800 0.1726000
[12,] 26 0.204100 0.1573000
[13,] 30 0.223000 0.1433000
[14,] 32 0.240900 0.1306000
[15,] 33 0.256700 0.1190000
[16,] 36 0.272200 0.1084000
[17,] 37 0.288400 0.0987600
[18,] 39 0.304300 0.0899900
[19,] 42 0.318700 0.0819900
[20,] 45 0.334000 0.0747100
[21,] 49 0.348100 0.0680700
[22,] 53 0.360700 0.0620300
[23,] 56 0.373700 0.0565200
[24,] 56 0.385900 0.0514900
[25,] 61 0.396900 0.0469200
[26,] 63 0.409000 0.0427500
[27,] 64 0.420600 0.0389500
[28,] 65 0.430500 0.0354900
[29,] 69 0.439100 0.0323400
[30,] 71 0.446700 0.0294700
[31,] 73 0.453000 0.0268500
[32,] 73 0.458400 0.0244600
[33,] 75 0.463100 0.0222900
[34,] 76 0.467000 0.0203100
[35,] 77 0.470400 0.0185100
[36,] 77 0.473200 0.0168600
[37,] 79 0.475700 0.0153600
[38,] 79 0.478100 0.0140000
[39,] 79 0.480000 0.0127600
[40,] 80 0.481800 0.0116200
[41,] 80 0.483400 0.0105900
[42,] 81 0.484700 0.0096490
[43,] 82 0.485800 0.0087920
[44,] 83 0.486900 0.0080110
[45,] 83 0.487700 0.0072990
[46,] 82 0.488500 0.0066510
[47,] 83 0.489100 0.0060600
[48,] 83 0.489600 0.0055220
[49,] 83 0.490100 0.0050310
[50,] 83 0.490400 0.0045840
[51,] 83 0.490700 0.0041770
[52,] 83 0.491000 0.0038060
[53,] 83 0.491200 0.0034680
[54,] 83 0.491300 0.0031600
[55,] 83 0.491500 0.0028790
[56,] 83 0.491600 0.0026230
[57,] 83 0.491700 0.0023900
[58,] 83 0.491800 0.0021780
[59,] 83 0.491800 0.0019840
[60,] 83 0.491900 0.0018080
[61,] 83 0.491900 0.0016470
[62,] 83 0.492000 0.0015010
[63,] 83 0.492000 0.0013680
[64,] 83 0.492000 0.0012460
[65,] 83 0.492100 0.0011360
[66,] 83 0.492100 0.0010350
[67,] 83 0.492100 0.0009427
[68,] 83 0.492100 0.0008590
[69,] 83 0.492100 0.0007827
[70,] 83 0.492100 0.0007131
[71,] 83 0.492200 0.0006498
[72,] 83 0.492200 0.0005921
[73,] 83 0.492200 0.0005395
[74,] 84 0.492200 0.0004915
[75,] 84 0.492200 0.0004479

$lambda.min
[1] 0.002390183

$lambda.1se
[1] 0.02229093

attr(,"class")
[1] "cv.glmnet"
