
Call:  glmnet(x = x, y = y, alpha = 0.02, family = "gaussian", standardize = TRUE) 

   Df     %Dev  Lambda
1   0 0.000000 23.3000
2   1 0.000750 21.2300
3   1 0.001551 19.3400
4   2 0.002407 17.6300
5   3 0.004062 16.0600
6   4 0.006285 14.6300
7   5 0.008870 13.3300
8   6 0.011820 12.1500
9   8 0.015720 11.0700
10  8 0.019830 10.0900
11  8 0.024050  9.1900
12 10 0.028380  8.3740
13 12 0.033340  7.6300
14 15 0.038910  6.9520
15 17 0.045110  6.3350
16 20 0.051800  5.7720
17 25 0.058960  5.2590
18 28 0.066800  4.7920
19 29 0.074860  4.3660
20 32 0.083140  3.9780
21 35 0.091560  3.6250
22 38 0.100200  3.3030
23 42 0.108800  3.0090
24 43 0.117400  2.7420
25 45 0.126000  2.4980
26 46 0.134300  2.2770
27 50 0.142600  2.0740
28 51 0.150900  1.8900
29 51 0.159000  1.7220
30 51 0.166700  1.5690
31 52 0.174200  1.4300
32 52 0.181300  1.3030
33 55 0.188100  1.1870
34 55 0.194800  1.0820
35 57 0.201200  0.9854
36 58 0.207300  0.8979
37 59 0.213200  0.8181
38 60 0.218600  0.7455
39 60 0.223800  0.6792
40 61 0.228600  0.6189
41 62 0.233200  0.5639
42 62 0.237500  0.5138
43 62 0.241500  0.4682
44 61 0.245200  0.4266
45 61 0.248600  0.3887
46 61 0.251600  0.3542
47 60 0.254500  0.3227
48 60 0.257000  0.2940
49 59 0.259300  0.2679
50 59 0.261300  0.2441
51 59 0.263100  0.2224
52 61 0.264800  0.2027
53 62 0.266300  0.1847
54 63 0.267700  0.1683
55 63 0.269000  0.1533
56 63 0.270100  0.1397
57 63 0.271100  0.1273
58 62 0.272000  0.1160
59 60 0.272800  0.1057
60 60 0.273500  0.0963
61 60 0.274100  0.0877
62 61 0.274700  0.0799
63 62 0.275200  0.0728
64 62 0.275600  0.0664
65 61 0.276000  0.0605
66 61 0.276300  0.0551
67 62 0.276600  0.0502
68 62 0.276800  0.0457
69 61 0.277000  0.0417
70 61 0.277200  0.0380
71 63 0.277400  0.0346
72 63 0.277500  0.0315
73 63 0.277700  0.0287
74 63 0.277800  0.0262
75 63 0.277900  0.0238
76 62 0.277900  0.0217
77 61 0.278000  0.0198
78 63 0.278100  0.0180
79 63 0.278100  0.0164
80 63 0.278200  0.0150
81 62 0.278200  0.0136
82 62 0.278300  0.0124
83 62 0.278300  0.0113
84 62 0.278300  0.0103
85 63 0.278300  0.0094
86 63 0.278400  0.0086
87 63 0.278400  0.0078
88 63 0.278400  0.0071
89 63 0.278400  0.0065
90 63 0.278400  0.0059
91 63 0.278400  0.0054
92 63 0.278400  0.0049
93 63 0.278400  0.0045
94 63 0.278400  0.0041
95 63 0.278400  0.0037
96 63 0.278400  0.0034
97 63 0.278400  0.0031
98 63 0.278400  0.0028
99 63 0.278500  0.0026
