
Call:  glmnet(x = x, y = y, alpha = 0.02, family = "gaussian", standardize = TRUE) 

   Df     %Dev  Lambda
1   0 0.000000 22.5000
2   9 0.002497 20.5000
3  19 0.008172 18.6800
4  25 0.015270 17.0200
5  31 0.022690 15.5100
6  36 0.030090 14.1300
7  42 0.038170 12.8700
8  46 0.046350 11.7300
9  52 0.054680 10.6900
10 61 0.063280  9.7380
11 66 0.072220  8.8730
12 72 0.081550  8.0840
13 75 0.090660  7.3660
14 78 0.099490  6.7120
15 78 0.107900  6.1160
16 78 0.115900  5.5720
17 78 0.123600  5.0770
18 76 0.130900  4.6260
19 77 0.137800  4.2150
20 75 0.144400  3.8410
21 75 0.150600  3.5000
22 75 0.156400  3.1890
23 75 0.162000  2.9050
24 75 0.167100  2.6470
25 75 0.172000  2.4120
26 75 0.176500  2.1980
27 75 0.180700  2.0030
28 74 0.184600  1.8250
29 74 0.188200  1.6630
30 74 0.191400  1.5150
31 74 0.194400  1.3800
32 73 0.197100  1.2580
33 72 0.199500  1.1460
34 72 0.201800  1.0440
35 72 0.203700  0.9514
36 72 0.205500  0.8669
37 72 0.207100  0.7899
38 72 0.208700  0.7197
39 72 0.210100  0.6557
40 71 0.211400  0.5975
41 71 0.212500  0.5444
42 71 0.213500  0.4961
43 71 0.214400  0.4520
44 71 0.215200  0.4118
45 71 0.215900  0.3752
46 70 0.216500  0.3419
47 68 0.217000  0.3115
48 68 0.217500  0.2839
49 68 0.217900  0.2586
50 68 0.218300  0.2357
51 67 0.218600  0.2147
52 67 0.218900  0.1957
53 66 0.219100  0.1783
54 66 0.219300  0.1624
55 64 0.219500  0.1480
56 64 0.219600  0.1349
57 63 0.219700  0.1229
58 62 0.219800  0.1120
59 61 0.219900  0.1020
60 61 0.220000  0.0930
61 62 0.220100  0.0847
62 62 0.220100  0.0772
63 62 0.220200  0.0703
64 61 0.220200  0.0641
65 60 0.220300  0.0584
66 61 0.220300  0.0532
67 60 0.220300  0.0485
68 61 0.220300  0.0442
69 62 0.220300  0.0402
70 61 0.220400  0.0367
71 60 0.220400  0.0334
72 61 0.220400  0.0304
73 62 0.220400  0.0277
74 61 0.220400  0.0253
75 63 0.220400  0.0230
76 63 0.220400  0.0210
77 63 0.220400  0.0191
78 63 0.220400  0.0174
79 64 0.220400  0.0159
80 65 0.220400  0.0145
81 65 0.220400  0.0132
82 66 0.220500  0.0120
83 67 0.220500  0.0109
84 69 0.220500  0.0100
