
Call:  glmnet(x = x, y = y, alpha = 0.02, family = "gaussian", standardize = TRUE) 

   Df     %Dev  Lambda
1   0 0.000000 22.9100
2   3 0.001197 20.8700
3   8 0.004903 19.0200
4  11 0.010290 17.3300
5  13 0.016810 15.7900
6  15 0.023660 14.3900
7  17 0.030810 13.1100
8  17 0.038290 11.9400
9  19 0.045850 10.8800
10 19 0.053700  9.9170
11 20 0.061540  9.0360
12 23 0.069820  8.2330
13 23 0.078180  7.5010
14 24 0.086620  6.8350
15 26 0.095070  6.2280
16 30 0.104000  5.6750
17 31 0.113200  5.1700
18 33 0.122400  4.7110
19 34 0.131900  4.2930
20 34 0.141400  3.9110
21 35 0.150800  3.5640
22 35 0.160000  3.2470
23 35 0.169000  2.9590
24 36 0.177700  2.6960
25 36 0.186400  2.4560
26 36 0.194800  2.2380
27 36 0.202900  2.0390
28 36 0.210700  1.8580
29 36 0.218100  1.6930
30 36 0.225200  1.5430
31 36 0.232000  1.4060
32 36 0.238300  1.2810
33 36 0.244300  1.1670
34 36 0.250000  1.0630
35 36 0.255200  0.9689
36 36 0.260100  0.8828
37 36 0.264600  0.8044
38 36 0.268700  0.7329
39 36 0.272500  0.6678
40 36 0.276000  0.6085
41 36 0.279100  0.5544
42 36 0.282000  0.5052
43 36 0.284600  0.4603
44 36 0.286900  0.4194
45 36 0.288900  0.3821
46 36 0.290800  0.3482
47 36 0.292400  0.3173
48 36 0.293800  0.2891
49 36 0.295100  0.2634
50 36 0.296200  0.2400
51 36 0.297200  0.2187
52 36 0.298100  0.1992
53 36 0.298800  0.1815
54 36 0.299400  0.1654
55 35 0.300000  0.1507
56 35 0.300500  0.1373
57 35 0.300900  0.1251
58 35 0.301300  0.1140
59 35 0.301600  0.1039
60 35 0.301800  0.0947
61 35 0.302000  0.0862
62 35 0.302200  0.0786
63 35 0.302400  0.0716
64 35 0.302500  0.0652
65 36 0.302600  0.0594
66 36 0.302700  0.0542
67 36 0.302800  0.0494
68 36 0.302900  0.0450
69 36 0.303000  0.0410
70 36 0.303000  0.0373
71 36 0.303100  0.0340
72 36 0.303100  0.0310
73 36 0.303100  0.0282
74 36 0.303200  0.0257
75 36 0.303200  0.0234
76 36 0.303200  0.0214
77 36 0.303200  0.0195
78 36 0.303200  0.0177
79 36 0.303300  0.0162
80 36 0.303300  0.0147
81 36 0.303300  0.0134
82 36 0.303300  0.0122
83 35 0.303300  0.0111
84 36 0.303300  0.0102
85 36 0.303300  0.0092
86 36 0.303300  0.0084
87 36 0.303300  0.0077
88 36 0.303300  0.0070
89 36 0.303300  0.0064
