$lambda
 [1] 0.3766324710 0.3431734803 0.3126868942 0.2849086523 0.2595981529
 [6] 0.2365361685 0.2155229473 0.1963764826 0.1789309372 0.1630352059
[11] 0.1485516076 0.1353546922 0.1233301544 0.1123738434 0.1023908609
[16] 0.0932947390 0.0850066915 0.0774549313 0.0705740487 0.0643044448
[21] 0.0585918151 0.0533866798 0.0486439543 0.0443225594 0.0403850654
[26] 0.0367973675 0.0335283908 0.0305498210 0.0278358591 0.0253629981
[31] 0.0231098192 0.0210568066 0.0191861779 0.0174817308 0.0159287020
[36] 0.0145136400 0.0132242882 0.0120494789 0.0109790364 0.0100036891
[41] 0.0091149889 0.0083052384 0.0075674239 0.0068951548 0.0062826083
[46] 0.0057244787 0.0052159318 0.0047525628 0.0043303582 0.0039456611
[51] 0.0035951395 0.0032757572 0.0029847479 0.0027195912 0.0024779902
[56] 0.0022578524 0.0020572710 0.0018745087 0.0017079825 0.0015562500
[61] 0.0014179971 0.0012920261 0.0011772461 0.0010726628 0.0009773704
[66] 0.0008905435

$cvm
 [1] 4.755170 4.739742 4.719728 4.702331 4.685126 4.667623 4.650198 4.630033
 [9] 4.605266 4.577817 4.548766 4.521970 4.499607 4.481208 4.466330 4.454185
[17] 4.444094 4.435977 4.429612 4.424644 4.421003 4.418262 4.415844 4.413609
[25] 4.411902 4.410704 4.410011 4.409811 4.409751 4.409670 4.409613 4.409567
[33] 4.409571 4.409695 4.409792 4.409851 4.409865 4.409957 4.410158 4.410433
[41] 4.410661 4.410891 4.411172 4.411446 4.411745 4.412009 4.412275 4.412517
[49] 4.412742 4.412955 4.413138 4.413342 4.413511 4.413701 4.413831 4.413980
[57] 4.414120 4.414235 4.414350 4.414450 4.414548 4.414644 4.414735 4.414820
[65] 4.414897 4.414968

$cvsd
 [1] 0.1395066 0.1392710 0.1384811 0.1379146 0.1373920 0.1366490 0.1360161
 [8] 0.1355863 0.1351410 0.1342516 0.1335115 0.1328755 0.1322638 0.1316743
[15] 0.1312092 0.1307896 0.1304235 0.1301465 0.1298848 0.1296313 0.1294036
[22] 0.1291561 0.1288958 0.1287090 0.1287588 0.1288471 0.1288684 0.1289242
[29] 0.1289246 0.1288760 0.1287414 0.1285738 0.1284270 0.1283120 0.1281925
[36] 0.1280853 0.1279732 0.1278747 0.1277942 0.1277274 0.1276246 0.1275123
[43] 0.1274026 0.1273031 0.1272142 0.1271345 0.1270555 0.1269768 0.1268962
[50] 0.1268292 0.1267695 0.1267210 0.1266767 0.1266433 0.1265921 0.1265620
[57] 0.1265255 0.1264932 0.1264738 0.1264496 0.1264285 0.1264105 0.1263948
[64] 0.1263807 0.1263681 0.1263570

$cvup
 [1] 4.894677 4.879013 4.858209 4.840246 4.822518 4.804272 4.786214 4.765619
 [9] 4.740407 4.712068 4.682278 4.654846 4.631870 4.612882 4.597539 4.584974
[17] 4.574518 4.566124 4.559496 4.554276 4.550407 4.547418 4.544740 4.542318
[25] 4.540661 4.539551 4.538879 4.538735 4.538676 4.538546 4.538354 4.538141
[33] 4.537998 4.538007 4.537984 4.537937 4.537838 4.537832 4.537952 4.538160
[41] 4.538286 4.538403 4.538574 4.538749 4.538959 4.539144 4.539331 4.539494
[49] 4.539638 4.539785 4.539908 4.540062 4.540188 4.540345 4.540423 4.540542
[57] 4.540646 4.540728 4.540823 4.540900 4.540977 4.541054 4.541130 4.541201
[65] 4.541265 4.541325

$cvlo
 [1] 4.615663 4.600471 4.581247 4.564417 4.547735 4.530974 4.514182 4.494447
 [9] 4.470125 4.443565 4.415255 4.389095 4.367343 4.349534 4.335121 4.323395
[17] 4.313671 4.305831 4.299727 4.295013 4.291599 4.289106 4.286948 4.284900
[25] 4.283143 4.281857 4.281142 4.280886 4.280827 4.280794 4.280871 4.280994
[33] 4.281144 4.281383 4.281599 4.281766 4.281892 4.282082 4.282364 4.282705
[41] 4.283037 4.283379 4.283769 4.284143 4.284530 4.284875 4.285220 4.285540
[49] 4.285845 4.286126 4.286369 4.286621 4.286835 4.287058 4.287239 4.287418
[57] 4.287595 4.287742 4.287876 4.288001 4.288120 4.288233 4.288341 4.288439
[65] 4.288529 4.288611

$nzero
 s0  s1  s2  s3  s4  s5  s6  s7  s8  s9 s10 s11 s12 s13 s14 s15 s16 s17 s18 s19 
  0   1   1   2   3   3   6  11  10  13  10  10  10  15  16  19  20  19  19  20 
s20 s21 s22 s23 s24 s25 s26 s27 s28 s29 s30 s31 s32 s33 s34 s35 s36 s37 s38 s39 
 20  22  24  23  24  25  23  23  24  25  26  26  28  29  28  28  28  29  29  29 
s40 s41 s42 s43 s44 s45 s46 s47 s48 s49 s50 s51 s52 s53 s54 s55 s56 s57 s58 s59 
 29  30  32  32  33  33  33  33  34  34  35  36  35  35  35  36  36  36  36  36 
s60 s61 s62 s63 s64 s65 
 36  36  36  36  37  37 

$name
                 mse 
"Mean-Squared Error" 

$glmnet.fit

Call:  glmnet(x = x, y = y, alpha = 1, family = "gaussian") 

      Df     %Dev    Lambda
 [1,]  0 0.000000 0.3766000
 [2,]  1 0.005069 0.3432000
 [3,]  1 0.009276 0.3127000
 [4,]  2 0.012820 0.2849000
 [5,]  3 0.017220 0.2596000
 [6,]  3 0.021040 0.2365000
 [7,]  6 0.024630 0.2155000
 [8,] 11 0.030990 0.1964000
 [9,] 10 0.036840 0.1789000
[10,] 13 0.043350 0.1630000
[11,] 10 0.050370 0.1486000
[12,] 10 0.056190 0.1354000
[13,] 10 0.061020 0.1233000
[14,] 15 0.065110 0.1124000
[15,] 16 0.068580 0.1024000
[16,] 19 0.071590 0.0932900
[17,] 20 0.074160 0.0850100
[18,] 19 0.076440 0.0774500
[19,] 19 0.078340 0.0705700
[20,] 20 0.079930 0.0643000
[21,] 20 0.081240 0.0585900
[22,] 22 0.082440 0.0533900
[23,] 24 0.083500 0.0486400
[24,] 23 0.084610 0.0443200
[25,] 24 0.085620 0.0403900
[26,] 25 0.086570 0.0368000
[27,] 23 0.087260 0.0335300
[28,] 23 0.087840 0.0305500
[29,] 24 0.088330 0.0278400
[30,] 25 0.088810 0.0253600
[31,] 26 0.089210 0.0231100
[32,] 26 0.089560 0.0210600
[33,] 28 0.089860 0.0191900
[34,] 29 0.090130 0.0174800
[35,] 28 0.090370 0.0159300
[36,] 28 0.090560 0.0145100
[37,] 28 0.090730 0.0132200
[38,] 29 0.090860 0.0120500
[39,] 29 0.091000 0.0109800
[40,] 29 0.091100 0.0100000
[41,] 29 0.091190 0.0091150
[42,] 30 0.091260 0.0083050
[43,] 32 0.091320 0.0075670
[44,] 32 0.091380 0.0068950
[45,] 33 0.091440 0.0062830
[46,] 33 0.091480 0.0057240
[47,] 33 0.091520 0.0052160
[48,] 33 0.091550 0.0047530
[49,] 34 0.091580 0.0043300
[50,] 34 0.091600 0.0039460
[51,] 35 0.091620 0.0035950
[52,] 36 0.091640 0.0032760
[53,] 35 0.091650 0.0029850
[54,] 35 0.091660 0.0027200
[55,] 35 0.091670 0.0024780
[56,] 36 0.091680 0.0022580
[57,] 36 0.091680 0.0020570
[58,] 36 0.091690 0.0018750
[59,] 36 0.091690 0.0017080
[60,] 36 0.091700 0.0015560
[61,] 36 0.091700 0.0014180
[62,] 36 0.091700 0.0012920
[63,] 36 0.091710 0.0011770
[64,] 36 0.091710 0.0010730
[65,] 37 0.091710 0.0009774
[66,] 37 0.091710 0.0008905
[67,] 37 0.091710 0.0008114
[68,] 37 0.091720 0.0007393
[69,] 37 0.091720 0.0006737
[70,] 38 0.091720 0.0006138

$lambda.min
[1] 0.02105681

$lambda.1se
[1] 0.1353547

attr(,"class")
[1] "cv.glmnet"
