$lambda
 [1] 0.3354204263 0.3056226002 0.2784719307 0.2537332519 0.2311922892
 [6] 0.2106538034 0.1919399001 0.1748884884 0.1593518771 0.1451954956
[11] 0.1322967279 0.1205438512 0.1098350677 0.1000776231 0.0911870029
[16] 0.0830862009 0.0757050518 0.0689796236 0.0628516640 0.0572680954
[21] 0.0521805556 0.0475449789 0.0433212140 0.0394726768 0.0359660330
[26] 0.0327709097 0.0298596324 0.0272069850 0.0247899914 0.0225877169
[31] 0.0205810864 0.0187527194 0.0170867795 0.0155688371 0.0141857445
[36] 0.0129255221 0.0117772543 0.0107309955 0.0097776834 0.0089090610
[41] 0.0081176046 0.0073964590 0.0067393779 0.0061406702 0.0055951500
[46] 0.0050980923 0.0046451918 0.0042325258 0.0038565198 0.0035139172
[51] 0.0032017505 0.0029173158 0.0026581495 0.0024220069 0.0022068424
[56] 0.0020107926 0.0018321594 0.0016693954 0.0015210909 0.0013859614
[61] 0.0012628364 0.0011506495 0.0010484289 0.0009552894 0.0008704241
[66] 0.0007930981 0.0007226414 0.0006584439 0.0005999496 0.0005466517
[71] 0.0004980887 0.0004538399 0.0004135220 0.0003767858 0.0003433132
[76] 0.0003128142 0.0002850247 0.0002597039 0.0002366325 0.0002156107
[81] 0.0001964564 0.0001790038 0.0001631016

$cvm
 [1] 4.810605 4.790016 4.764438 4.739278 4.713522 4.690628 4.670960 4.653704
 [9] 4.637624 4.621583 4.606254 4.592526 4.579438 4.566018 4.553885 4.543453
[17] 4.534867 4.528293 4.523125 4.519190 4.515923 4.513365 4.510998 4.508743
[25] 4.506410 4.504233 4.502096 4.500115 4.498413 4.497023 4.496235 4.495823
[33] 4.495741 4.495754 4.495518 4.495016 4.494606 4.493679 4.493076 4.492626
[41] 4.492011 4.491356 4.490680 4.490146 4.489911 4.489883 4.489954 4.490071
[49] 4.490329 4.490601 4.490904 4.491294 4.491586 4.491862 4.492107 4.492327
[57] 4.492502 4.492683 4.492844 4.492951 4.493059 4.493174 4.493256 4.493342
[65] 4.493450 4.493558 4.493656 4.493769 4.493833 4.493909 4.493989 4.494047
[73] 4.494037 4.494099 4.494140 4.494150 4.494161 4.494162 4.494180 4.494202
[81] 4.494209 4.494219 4.494228

$cvsd
 [1] 0.1238396 0.1238173 0.1237934 0.1240386 0.1237369 0.1233547 0.1228876
 [8] 0.1222633 0.1218488 0.1211940 0.1205299 0.1198766 0.1191984 0.1183493
[15] 0.1175332 0.1168413 0.1162953 0.1156983 0.1150924 0.1144938 0.1139794
[22] 0.1135076 0.1130928 0.1126064 0.1121519 0.1117107 0.1111272 0.1105336
[29] 0.1100376 0.1095729 0.1091472 0.1089728 0.1088605 0.1088041 0.1087821
[36] 0.1086109 0.1085257 0.1084323 0.1083322 0.1082453 0.1081950 0.1082163
[43] 0.1081039 0.1079947 0.1078722 0.1077348 0.1076483 0.1076327 0.1076392
[50] 0.1076142 0.1076064 0.1075989 0.1075995 0.1076037 0.1075864 0.1075537
[57] 0.1075207 0.1074938 0.1074647 0.1074382 0.1074083 0.1073810 0.1073614
[64] 0.1073444 0.1073270 0.1072963 0.1072875 0.1072663 0.1072569 0.1072419
[71] 0.1072291 0.1072163 0.1072039 0.1071938 0.1071806 0.1071748 0.1071793
[78] 0.1071692 0.1071564 0.1071409 0.1071314 0.1071216 0.1071126

$cvup
 [1] 4.934445 4.913833 4.888231 4.863317 4.837259 4.813983 4.793848 4.775968
 [9] 4.759473 4.742777 4.726784 4.712402 4.698636 4.684368 4.671418 4.660295
[17] 4.651162 4.643992 4.638218 4.633684 4.629902 4.626872 4.624091 4.621349
[25] 4.618561 4.615944 4.613224 4.610649 4.608450 4.606596 4.605382 4.604796
[33] 4.604601 4.604558 4.604300 4.603627 4.603132 4.602112 4.601408 4.600871
[41] 4.600206 4.599572 4.598784 4.598140 4.597784 4.597617 4.597602 4.597704
[49] 4.597968 4.598215 4.598510 4.598893 4.599186 4.599466 4.599693 4.599881
[57] 4.600023 4.600177 4.600308 4.600389 4.600467 4.600555 4.600618 4.600686
[65] 4.600777 4.600854 4.600944 4.601036 4.601090 4.601151 4.601218 4.601263
[73] 4.601240 4.601293 4.601320 4.601324 4.601340 4.601331 4.601336 4.601343
[81] 4.601341 4.601340 4.601340

$cvlo
 [1] 4.686766 4.666199 4.640644 4.615239 4.589785 4.567273 4.548073 4.531441
 [9] 4.515775 4.500389 4.485724 4.472649 4.460239 4.447669 4.436352 4.426612
[17] 4.418571 4.412595 4.408033 4.404696 4.401943 4.399857 4.397906 4.396137
[25] 4.394258 4.392523 4.390969 4.389582 4.388375 4.387450 4.387088 4.386850
[33] 4.386880 4.386950 4.386736 4.386405 4.386081 4.385247 4.384743 4.384380
[41] 4.383816 4.383140 4.382576 4.382151 4.382039 4.382148 4.382305 4.382438
[49] 4.382690 4.382986 4.383297 4.383695 4.383987 4.384258 4.384520 4.384773
[57] 4.384982 4.385190 4.385379 4.385513 4.385651 4.385793 4.385895 4.385997
[65] 4.386123 4.386262 4.386369 4.386503 4.386576 4.386667 4.386760 4.386831
[73] 4.386833 4.386906 4.386959 4.386975 4.386982 4.386993 4.387024 4.387061
[81] 4.387078 4.387097 4.387115

$nzero
 s0  s1  s2  s3  s4  s5  s6  s7  s8  s9 s10 s11 s12 s13 s14 s15 s16 s17 s18 s19 
  0   2   3   5   5   5   5   6   6   7   8   9  11  11  13  14  14  14  14  14 
s20 s21 s22 s23 s24 s25 s26 s27 s28 s29 s30 s31 s32 s33 s34 s35 s36 s37 s38 s39 
 15  20  23  23  24  26  28  28  28  28  28  28  31  31  32  32  33  33  33  34 
s40 s41 s42 s43 s44 s45 s46 s47 s48 s49 s50 s51 s52 s53 s54 s55 s56 s57 s58 s59 
 34  34  34  35  35  34  36  38  37  38  38  37  38  35  36  37  41  43  45  45 
s60 s61 s62 s63 s64 s65 s66 s67 s68 s69 s70 s71 s72 s73 s74 s75 s76 s77 s78 s79 
 47  49  50  52  52  52  54  55  55  59  56  60  59  60  59  62  62  60  62  62 
s80 s81 s82 
 64  64  63 

$name
                 mse 
"Mean-Squared Error" 

$glmnet.fit

Call:  glmnet(x = x, y = y, alpha = 1, family = "gaussian") 

      Df     %Dev    Lambda
 [1,]  0 0.000000 3.354e-01
 [2,]  2 0.005817 3.056e-01
 [3,]  3 0.011930 2.785e-01
 [4,]  5 0.018040 2.537e-01
 [5,]  5 0.024060 2.312e-01
 [6,]  5 0.029060 2.107e-01
 [7,]  5 0.033210 1.919e-01
 [8,]  6 0.037010 1.749e-01
 [9,]  6 0.040670 1.594e-01
[10,]  7 0.044360 1.452e-01
[11,]  8 0.047930 1.323e-01
[12,]  9 0.051220 1.205e-01
[13,] 11 0.055040 1.098e-01
[14,] 11 0.058180 1.001e-01
[15,] 13 0.061020 9.119e-02
[16,] 14 0.063610 8.309e-02
[17,] 14 0.065840 7.571e-02
[18,] 14 0.067710 6.898e-02
[19,] 14 0.069300 6.285e-02
[20,] 14 0.070610 5.727e-02
[21,] 15 0.071710 5.218e-02
[22,] 20 0.073080 4.754e-02
[23,] 23 0.074430 4.332e-02
[24,] 23 0.075690 3.947e-02
[25,] 24 0.076750 3.597e-02
[26,] 26 0.077780 3.277e-02
[27,] 28 0.078700 2.986e-02
[28,] 28 0.079470 2.721e-02
[29,] 28 0.080130 2.479e-02
[30,] 28 0.080670 2.259e-02
[31,] 28 0.081120 2.058e-02
[32,] 28 0.081520 1.875e-02
[33,] 31 0.081940 1.709e-02
[34,] 31 0.082450 1.557e-02
[35,] 32 0.082910 1.419e-02
[36,] 32 0.083320 1.293e-02
[37,] 33 0.083710 1.178e-02
[38,] 33 0.084140 1.073e-02
[39,] 33 0.084540 9.778e-03
[40,] 34 0.084900 8.909e-03
[41,] 34 0.085170 8.118e-03
[42,] 34 0.085460 7.396e-03
[43,] 34 0.085780 6.739e-03
[44,] 35 0.086030 6.141e-03
[45,] 35 0.086280 5.595e-03
[46,] 34 0.086410 5.098e-03
[47,] 36 0.086520 4.645e-03
[48,] 38 0.086670 4.233e-03
[49,] 37 0.086780 3.857e-03
[50,] 38 0.086900 3.514e-03
[51,] 38 0.087020 3.202e-03
[52,] 37 0.087110 2.917e-03
[53,] 38 0.087200 2.658e-03
[54,] 35 0.087280 2.422e-03
[55,] 36 0.087330 2.207e-03
[56,] 37 0.087380 2.011e-03
[57,] 41 0.087420 1.832e-03
[58,] 43 0.087460 1.669e-03
[59,] 45 0.087500 1.521e-03
[60,] 45 0.087530 1.386e-03
[61,] 47 0.087560 1.263e-03
[62,] 49 0.087590 1.151e-03
[63,] 50 0.087610 1.048e-03
[64,] 52 0.087620 9.553e-04
[65,] 52 0.087640 8.704e-04
[66,] 52 0.087650 7.931e-04
[67,] 54 0.087670 7.226e-04
[68,] 55 0.087680 6.584e-04
[69,] 55 0.087680 5.999e-04
[70,] 59 0.087690 5.467e-04
[71,] 56 0.087700 4.981e-04
[72,] 60 0.087700 4.538e-04
[73,] 59 0.087710 4.135e-04
[74,] 60 0.087710 3.768e-04
[75,] 59 0.087710 3.433e-04
[76,] 62 0.087720 3.128e-04
[77,] 62 0.087720 2.850e-04
[78,] 60 0.087720 2.597e-04
[79,] 62 0.087720 2.366e-04
[80,] 62 0.087720 2.156e-04
[81,] 64 0.087720 1.965e-04
[82,] 64 0.087730 1.790e-04
[83,] 63 0.087730 1.631e-04
[84,] 66 0.087730 1.486e-04
[85,] 66 0.087730 1.354e-04
[86,] 67 0.087730 1.234e-04
[87,] 68 0.087730 1.124e-04
[88,] 67 0.087730 1.024e-04
[89,] 68 0.087730 9.333e-05

$lambda.min
[1] 0.005098092

$lambda.1se
[1] 0.1205439

attr(,"class")
[1] "cv.glmnet"
